66.96
28.97 66.99
27.65 67.02
26.26 67.04
24.13 67.05
22.75 67.06
20.85 67.06
20.26 67.06
18.62 67.06
17.67 67.05
16.84 67.04
15.80 67.03
15.25 67.02
14.75 67.01
14.36 66.99
13.92 66.98
13.86 66.96
13.85 66.95
14.00 66.93
14.13 66.91
14.30 66.89
14.53 66.87
14.97 66.84
15.33 66.81
15.81 66.78
16.40 66.75
17.51 66.71
18.43 66.67
19.55 66.62
21.47 66.57
22.83 66.52
24.17 66.46
25.37 66.41
26.77 66.35
27.42 66.30
27.89 66.24
28.46 66.19
28.79 66.13
29.19 66.07
29.70 66.02
30.83 65.95
31.81 65.89
32.92 65.83
34.15 65.76
35.98 65.69
37.11 65.62
38.02 65.55
38.89 65.47
39.07 65.40
38.88 65.32
38.41 65.24
37.35 65.16
36.42 65.09
35.28 65.01
33.17 64.93
31.52 64.85
29.74 64.78
27.89 64.71
25.08 64.65
23.27 64.58
21.50 64.52
19.75 64.46
17.33 64.41
15.83 64.36
14.38 64.31
12.09 64.27
10.56 64.23
8.99 64.19
7.49 64.15
6.21 64.12
5.74 64.08
6.72 64.05
7.87 64.01
9.14 63.98
10.44 63.95
11.73 63.92
12.97 63.89
14.67 63.86
15.74 63.83
16.73 63.80
18.08 63.77
18.90 63.74
19.67 63.72
20.41 63.69
21.51 63.66
22.27 63.63
23.06 63.61
23.91 63.58
25.32 63.56
26.34 63.53
27.46 63.51
29.15 63.48
30.32 63.46
31.43 63.43
32.47 63.41
33.94 63.39
34.85 63.37
36.13 63.35
36.93 63.33
37.68 63.31
38.40 63.30
39.04 63.28
39.87 63.27
40.37 63.26
40.77 63.26
41.13 63.26
41.58 63.26
41.85 63.26
42.09 63.27
42.36 63.28
42.43 63.30
42.40 63.32
42.31 63.34
41.95 63.36
41.56 63.40
41.10 63.43
40.33 63.47
39.72 63.52
39.05 63.56
38.32 63.61
37.09 63.67
36.20 63.72
35.27 63.78
33.90 63.84
32.97 63.90
32.03 63.97
31.15 64.03
29.82 64.10
28.88 64.16
27.89 64.23
26.81 64.29
25.06 64.36
23.96 64.43
22.91 64.49
21.32 64.56
20.26 64.62
19.22 64.68
18.21 64.74
16.81 64.81
16.04 64.86
15.52 64.92
15.14 64.98
15.06 65.03
15.01 65.08
14.97 65.12
14.75 65.16
14.53 65.19
14.29 65.22
13.99 65.25
13.49 65.28
13.25 65.30
13.15 65.32
13.22 65.33
13.39 65.35
13.62 65.36
14.02 65.38
14.34 65.39
14.68 65.40
15.11 65.42
15.85 65.43
16.38 65.45
16.93 65.47
17.49 65.49
18.35 65.51
18.98 65.53
19.61 65.56
20.54 65.59
21.17 65.62
21.88 65.65
22.71 65.69
24.10 65.72
25.11 65.76
26.16 65.80
27.22 65.85
28.68 65.89
29.52 65.93
30.26 65.98
31.07 66.03
31.43 66.07
31.64 66.12
31.77 66.16
31.80 66.21
31.72 66.25
31.63 66.30
31.46 66.34
31.09 66.39
30.86 66.43
30.63 66.47
30.23 66.51
29.86 66.55
29.31 66.58
28.01 66.62
26.77 66.64
25.32 66.67
23.72 66.69
21.29 66.70
19.75 66.71
18.33 66.71
17.10 66.71
15.51 66.71
14.62 66.71
13.75 66.70
12.66 66.69
12.21 66.67
12.03 66.66
12.12 66.65
12.42 66.63
12.64 66.62
12.79 66.60
12.86 66.58
13.09 66.55
13.51 66.53
14.09 66.50
15.09 66.48
15.80 66.45
16.50 66.41
17.17 66.38
18.20 66.35
18.88 66.31
19.62 66.28
20.67 66.24
21.32 66.21
21.92 66.17
22.48 66.14
23.15 66.11
23.49 66.08
23.84 66.06
24.15 66.03
24.64 66.01
24.96 65.99
25.28 65.97
25.73 65.96
26.01 65.95
26.28 65.94
26.62 65.93
26.81 65.93
26.94 65.93
27.04 65.93
27.12 65.94
27.11 65.95
27.05 65.96
26.95 65.97
26.74 65.98
26.57 66.00
26.36 66.02
26.16 66.04
25.79 66.06
25.51 66.08
25.19 66.10
24.65 66.13
24.24 66.15
23.80 66.18
23.36 66.21
22.64 66.23
22.10 66.26
21.50 66.28
20.52 66.31
19.79 66.33
19.05 66.36
18.25 66.38
17.03 66.40
16.16 66.42
15.30 66.44
13.95 66.46
13.05 66.48
12.18 66.49
11.28 66.51
9.99 66.52
9.19 66.54
8.43 66.55
7.71 66.57
7.01 66.58
6.39 66.59
5.80 66.60
5.26 66.61
4.82 66.62
4.16 66.63
3.64 66.63
3.13 66.64
2.63 66.65
2.15 66.66
2.14 66.66
2.58 66.67
3.09 66.68
3.68 66.69
4.36 66.70
5.42 66.71
6.13 66.72
6.85 66.73
7.56 66.74
8.27 66.75
8.98 66.76
9.68 66.77
10.39 66.79
11.39 66.80
12.04 66.81
12.64 66.82
13.21 66.84
13.92 66.85
14.30 66.86
14.63 66.88
15.02 66.89
15.25 66.90
15.46 66.91
15.62 66.92
15.81 66.93
15.93 66.95
16.06 66.96
16.22 66.97
16.50 66.99
16.70 67.00
16.93 67.02
17.24 67.03
17.44 67.05
17.60 67.07
17.75 67.09
17.92 67.11
18.03 67.13
18.15 67.15
18.28 67.17
18.39 67.20
18.48 67.22
18.61 67.24
18.73 67.26
18.84 67.28
18.94 67.31
19.07 67.33
19.14 67.35
19.18 67.38
19.20 67.40
19.17 67.42
19.13 67.44
19.08 67.47
19.04 67.49
18.94 67.52
18.91 67.54
18.87 67.57
18.83 67.59
18.78 67.62
18.75 67.65
18.75 67.68
18.80 67.71
18.88 67.74
18.98 67.77
19.28 67.80
19.54 67.84
19.83 67.88
20.14 67.91
20.66 67.95
20.97 67.99
21.31 68.03
21.60 68.07
22.02 68.11
22.26 68.15
22.49 68.19
22.71 68.24
22.81 68.28
22.83 68.32
22.78 68.37
22.58 68.41
22.33 68.45
22.00 68.50
21.43 68.54
21.04 68.58
20.65 68.62
20.25 68.66
19.67 68.70
19.28 68.74
18.86 68.78
18.49 68.82
17.91 68.86
17.57 68.90
17.25 68.94
17.10 68.98
16.88 69.02
16.32 69.06
15.11 69.11
14.36 69.15
13.81 69.20
13.52 69.24
13.56 69.28
13.83 69.32
14.15 69.37
14.38 69.41
14.59 69.45
14.55 69.49
14.35 69.53
14.02 69.57
13.44 69.61
13.10 69.65
12.82 69.69
12.49 69.73
12.33 69.77
12.18 69.81
12.10 69.85
12.08 69.89
12.09 69.93
12.15 69.97
12.21 70.01
12.22 70.05
12.19 70.08
12.17 70.12
12.08 70.16
12.03 70.19
11.93 70.23
11.80 70.27
11.72 70.30
11.66 70.34
11.59 70.37
11.53 70.41
11.48 70.44
11.46 70.47
11.47 70.50
11.56 70.53
11.70 70.56
11.91 70.58
12.31 70.61
12.66 70.63
13.04 70.64
13.46 70.66
14.01 70.67
14.32 70.68
14.56 70.68
14.71 70.68
14.66 70.68
14.49 70.68
14.21 70.67
13.58 70.66
13.07 70.64
12.52 70.63
11.98 70.61
11.19 70.59
10.70 70.56
10.26 70.53
9.78 70.51
9.56 70.47
9.46 70.44
9.46 70.41
9.52 70.37
9.61 70.34
9.70 70.30
9.72 70.27
9.72 70.24
9.62 70.21
9.63 70.18
9.62 70.15
9.56 70.13
9.54 70.10
9.52 70.08
9.54 70.07
9.60 70.05
9.67 70.03
9.77 70.02
10.02 70.00
10.28 69.99
10.62 69.98
11.05 69.97
11.89 69.96
12.56 69.95
13.27 69.94
14.26 69.93
14.81 69.92
15.21 69.91
15.49 69.90
15.74 69.89
15.84 69.88
16.02 69.87
16.42 69.86
16.81 69.84
17.27 69.83
17.78 69.82
18.57 69.80
19.11 69.79
19.60 69.78
20.00 69.76
20.47 69.75
20.71 69.74
21.02 69.73
21.69 69.72
22.27 69.72
22.79 69.71
23.25 69.71
23.65 69.71
23.72 69.71
23.72 69.72
23.65 69.72
23.61 69.73
23.73 69.73
24.12 69.74
25.13 69.75
25.94 69.76
26.75 69.77
27.41 69.78
28.09 69.78
28.35 69.79
28.54 69.79
28.68 69.80
28.66 69.81
28.51 69.81
28.24 69.82
27.64 69.83
27.17 69.84
26.65 69.85
25.87 69.86
25.44 69.88
25.14 69.90
24.95 69.91
24.80 69.94
24.64 69.96
24.21 69.98
24.00 70.01
23.26 70.04
22.76 70.07
22.05 70.10
21.64 70.13
21.32 70.16
21.03 70.20
20.75 70.23
20.39 70.26
20.19 70.30
19.98 70.34
19.69 70.37
19.47 70.41
19.22 70.44
18.97 70.47
18.65 70.51
18.46 70.54
18.26 70.57
18.07 70.61
17.78 70.64
17.62 70.67
17.51 70.71
17.43 70.74
17.44 70.78
17.46 70.81
17.47 70.84
17.63 70.88
17.85 70.92
18.04 70.96
18.24 70.99
18.28 71.03
18.25 71.08
18.13 71.12
17.78 71.16
17.55 71.20
17.33 71.24
17.03 71.29
16.86 71.33
16.71 71.37
16.58 71.41
16.37 71.45
16.23 71.49
16.12 71.52
15.98 71.56
15.76 71.59
15.63 71.62
15.51 71.65
15.28 71.68
15.12 71.71
14.93 71.74
14.78 71.76
14.61 71.79
14.50 71.81
14.39 71.84
14.32 71.87
14.33 71.89
14.42 71.92
14.54 71.95
14.74 71.99
14.82 72.02
14.90 72.05
14.96 72.09
15.00 72.13
14.94 72.17
14.79 72.21
14.48 72.25
14.20 72.29
13.89 72.32
13.54 72.36
13.02 72.40
12.65 72.44
12.28 72.48
11.68 72.51
11.27 72.55
10.83 72.58
10.37 72.62
9.70 72.65
9.24 72.68
8.76 72.71
8.32 72.74
7.88 72.77
7.50 72.79
7.14 72.82
6.84 72.84
6.71 72.86
6.64 72.88
6.66 72.90
6.74 72.91
6.85 72.93
7.00 72.94
7.18 72.95
7.55 72.96
7.68 72.96
8.10 72.97
8.26 72.97
8.78 72.98
9.12 72.98
9.50 72.98
9.86 72.99
10.20 72.99
10.52 72.99
11.05 72.99
11.37 73.00
11.62 73.00
11.87 73.00
12.30 73.01
12.57 73.01
12.82 73.01
13.17 73.01
13.36 73.01
13.52 73.01
13.67 73.01
13.81 73.00
13.89 73.00
13.94 72.99
13.99 72.98
14.06 72.98
14.09 72.96
14.10 72.95
14.06 72.94
14.00 72.92
13.91 72.90
13.80 72.88
13.63 72.86
13.58 72.83
13.56 72.81
13.65 72.77
13.80 72.74
13.99 72.70
14.20 72.66
14.59 72.61
14.92 72.56
15.32 72.50
15.78 72.44
16.46 72.37
16.96 72.30
17.48 72.23
18.33 72.15
18.92 72.06
19.48 71.98
20.03 71.89
20.84 71.79
21.37 71.69
21.90 71.59
22.59 71.49
23.01 71.38
23.38 71.27
23.74 71.16
24.31 71.05
24.67 70.94
25.02 70.83
25.54 70.71
25.69 70.61
25.71 70.50
25.61 70.40
25.25 70.30
24.99 70.20
24.83 70.11
24.65 70.02
24.32 69.94
24.08 69.86
23.84 69.79
23.60 69.72
23.47 69.66
23.36 69.60
23.29 69.54
23.32 69.49
23.40 69.44
23.52 69.39
23.75 69.35
24.42 69.31
25.15 69.28
26.06 69.24
27.86 69.21
29.33 69.18
30.99 69.15
32.86 69.13
36.09 69.10
38.48 69.08
40.98 69.05
44.80 69.03
47.29 69.00
49.70 68.96
53.01 68.92
55.02 68.88
56.79 68.82
58.30 68.76
60.19 68.69
61.21 68.60
62.03 68.51
62.59 68.39
62.80 68.27
62.44 68.14
61.76 67.99
60.86 67.85
59.16 67.70
58.05 67.56
56.96 67.41
55.49 67.27
54.73 67.14
54.15 67.02
53.69 66.90
53.12 66.80
52.92 66.70
52.96 66.61
53.50 66.53
54.27 66.45
55.44 66.37
56.99 66.30
59.86 66.23
62.24 66.17
65.00 66.10
67.91 66.03
72.37 65.95
75.31 65.87
78.22 65.79
82.66 65.71
85.77 65.62
89.04 65.53
92.53 65.45
98.01 65.36
101.76 65.28
105.49 65.19
110.89 65.11
114.25 65.04
118.74 64.97
121.33 64.91
124.67 64.86
127.28 64.82
128.62 64.80
129.62 64.78
130.58 64.78
130.92 64.80
131.12 64.83
131.14 64.87
131.05 64.93
130.65 65.01
130.08 65.11
128.78 65.21
127.63 65.32
125.13 65.44
122.93 65.54
118.32 65.65
114.29 65.74
109.42 65.82
100.61 65.89
93.87 65.95
82.92 66.00
75.34 66.03
67.73 66.06
60.25 66.08
49.55 66.09
42.89 66.09
36.76 66.08
28.81 66.06
24.31 66.03
20.32 66.00
16.89 65.98
13.20 65.95
11.87 65.92
11.23 65.89
11.49 65.87
12.29 65.84
13.44 65.82
14.83 65.81
17.08 65.79
18.65 65.78
20.26 65.77
21.95 65.75
24.52 65.74
26.23 65.73
27.87 65.72
30.18 65.70
31.56 65.68
32.80 65.67
34.40 65.65
35.20 65.63
35.79 65.62
36.32 65.60
37.20 65.59
37.79 65.58
38.24 65.57
38.41 65.57
38.13 65.56
37.70 65.56
37.15 65.56
36.58 65.57
35.78 65.57
35.33 65.58
34.83 65.60
34.12 65.62
33.81 65.64
33.55 65.66
33.33 65.69
33.14 65.73
33.10 65.77
33.09 65.81
33.20 65.86
33.34 65.92
33.46 65.98
33.65 66.06
34.09 66.14
34.44 66.23
34.78 66.33
35.32 66.45
35.73 66.56
36.16 66.69
36.62 66.81
37.40 66.92
38.03 67.03
38.73 67.13
39.49 67.21
40.74 67.29
41.61 67.35
42.45 67.38
43.64 67.40
44.28 67.39
45.02 67.36
45.17 67.32
45.43 67.26
45.41 67.19
45.28 67.11
44.91 67.03
44.59 66.93
44.28 66.84
44.00 66.74
43.82 66.63
43.94 66.52
44.26 66.42
44.80 66.34
45.89 66.27
46.71 66.21
47.59 66.18
48.82 66.17
49.40 66.19
49.79 66.24
50.02 66.33
50.18 66.43
50.09 66.55
49.83 66.72
48.88 66.92
47.93 67.11
46.83 67.22
45.65 67.25
43.78 67.25
42.39 67.24
40.99 67.24
39.67 67.24
38.17 67.24
37.68 67.23
37.66 67.22
38.21 67.20
38.79 67.17
39.48 67.12
40.07 67.07
40.26 67.00
40.04 66.92
39.90 66.84
39.92 66.74
39.89 66.63
39.58 66.52
39.24 66.41
38.85 66.29
38.39 66.17
37.76 66.05
36.29 65.94
34.78 65.83
33.14 65.74
31.58 65.65
29.12 65.58
27.68 65.53
26.64 65.48
26.13 65.44
26.50 65.42
27.71 65.41
29.63 65.41
33.85 65.43
37.27 65.45
40.68 65.47
43.52 65.50
46.68 65.53
48.31 65.56
49.44 65.59
50.22 65.62
50.17 65.65
49.50 65.68
48.21 65.70
45.54 65.71
43.20 65.71
40.52 65.71
37.71 65.70
33.45 65.68
30.80 65.66
28.60 65.63
26.24 65.59
25.15 65.56
24.34 65.52
24.11 65.47
23.92 65.43
23.80 65.39
23.66 65.35
23.81 65.31
24.12 65.27
24.53 65.24
24.94 65.21
25.65 65.18
26.09 65.16
26.48 65.14
27.26 65.13
27.87 65.12
28.41 65.11
28.96 65.11
29.12 65.11
29.20 65.11
29.28 65.12
29.36 65.13
29.45 65.15
29.40 65.18
29.46 65.21
29.95 65.25
30.49 65.29
31.19 65.34
32.04 65.39
33.72 65.45
35.31 65.52
37.33 65.59
39.60 65.67
43.02 65.76
45.05 65.85
46.61 65.95
48.15 66.06
48.81 66.18
49.30 66.30
49.56 66.42
49.60 66.56
49.43 66.70
49.27 66.85
49.30 67.00
49.35 67.16
49.42 67.32
49.64 67.49
50.17 67.64
50.50 67.80
50.72 67.94
50.93 68.08
51.20 68.21
51.27 68.32
51.19 68.42
50.96 68.51
50.83 68.57
50.68 68.58
50.50 68.56
50.37 68.50
50.55 68.35
50.62 68.15
50.83 67.89
51.06 67.58
51.35 67.20
51.71 66.80
52.42 66.37
53.06 65.91
53.72 65.43
54.71 64.93
55.28 64.43
55.67 63.92
55.80 63.40
55.49 62.87
54.81 62.33
53.75 61.78
52.27 61.24
49.44 60.68
47.15 60.13
44.65 59.58
40.56 59.02
37.78 58.47
35.11 57.93
32.81 57.39
30.37 56.86
29.44 56.34
28.96 55.84
28.90 55.36
29.13 54.91
29.50 54.48
29.94 54.10
30.63 53.74
31.07 53.41
31.53 53.12
32.04 52.85
32.85 52.61
33.55 52.39
34.36 52.20
35.78 52.04
37.02 51.89
38.49 51.76
40.23 51.67
43.15 51.59
45.33 51.54
47.59 51.52
50.87 51.52
52.98 51.54
54.89 51.57
56.64 51.63
58.98 51.70
60.69 51.78
62.57 51.88
64.52 51.98
67.35 52.09
69.35 52.21
71.53 52.34
74.79 52.47
76.87 52.61
78.78 52.75
80.51 52.88
82.63 53.02
83.98 53.15
85.42 53.27
87.77 53.38
89.76 53.49
92.17 53.59
94.93 53.67
99.79 53.75
103.62 53.82
107.47 53.88
112.81 53.93
115.90 53.98
119.41 54.03
120.90 54.08
121.73 54.13
121.49 54.19
120.36 54.25
119.45 54.32
118.76 54.39
118.52 54.48
118.90 54.57
120.29 54.67
121.69 54.78
125.22 54.89
128.65 55.01
135.50 55.13
140.81 55.25
148.90 55.37
153.75 55.49
159.30 55.61
161.58 55.73
163.20 55.84
165.85 55.96
168.07 56.09
171.45 56.21
173.09 56.35
174.81 56.48
175.37 56.62
175.63 56.75
175.58 56.89
175.27 57.03
174.09 57.17
172.50 57.30
168.81 57.42
165.91 57.55
161.42 57.66
158.09 57.78
152.19 57.88
147.32 57.98
138.51 58.07
131.81 58.16
124.51 58.23
112.84 58.29
104.91 58.34
93.13 58.39
85.41 58.43
77.85 58.46
66.87 58.49
59.95 58.51
53.40 58.51
47.25 58.52
38.77 58.51
33.44 58.51
28.50 58.50
22.51 58.48
19.35 58.47
16.55 58.46
13.97 58.44
10.37 58.43
8.34 58.42
6.87 58.42
6.45 58.42
7.64 58.42
10.74 58.43
13.10 58.44
15.42 58.45
17.57 58.46
20.43 58.48
22.15 58.51
23.79 58.54
25.33 58.58
27.16 58.63
27.98 58.69
28.43 58.76
28.67 58.83
28.76 58.92
28.73 59.03
28.74 59.15
28.93 59.29
29.21 59.45
29.65 59.63
30.16 59.84
31.29 60.03
32.32 60.19
33.59 60.31
35.71 60.42
37.13 60.50
38.55 60.55
40.00 60.56
42.46 60.52
44.37 60.41
46.62 60.20
49.15 59.93
53.10 59.59
55.62 59.21
58.01 58.79
61.23 58.35
63.14 57.92
64.69 57.50
65.98 57.11
67.18 56.76
67.51 56.41
67.60 56.08
67.22 55.79
66.72 55.54
65.94 55.35
64.87 55.25
62.94 55.20
61.70 55.19
60.29 55.21
59.96 55.26
58.85 55.32
57.68 55.40
56.00 55.50
52.74 55.61
50.09 55.72
47.06 55.84
43.68 55.96
37.81 56.07
33.66 56.18
29.68 56.29
25.13 56.38
23.92 56.47
24.42 56.55
26.53 56.61
31.38 56.67
34.98 56.72
38.25 56.76
40.96 56.79
43.53 56.82
44.42 56.85
45.09 56.87
45.96 56.89
46.65 56.91
47.35 56.92
47.81 56.94
48.10 56.95
48.13 56.97
48.12 56.98
48.13 56.98
48.23 56.99
48.39 56.99
48.70 56.99
49.36 57.00
49.95 57.00
50.73 57.01
52.14 57.02
53.15 57.03
54.14 57.04
55.04 57.06
56.51 57.09
57.69 57.11
59.08 57.13
60.63 57.16
62.46 57.18
63.00 57.20
63.08 57.22
62.85 57.24
62.63 57.25
62.36 57.27
61.86 57.28
60.18 57.28
58.42 57.29
56.48 57.29
53.73 57.30
52.03 57.30
50.40 57.30
48.85 57.30
46.66 57.30
45.36 57.30
44.29 57.30
43.43 57.30
42.79 57.30
42.59 57.30
42.59 57.30
43.05 57.30
43.50 57.31
44.02 57.31
44.36 57.31
44.81 57.32
45.21 57.33
45.75 57.34
46.95 57.35
47.95 57.36
49.03 57.37
50.15 57.38
51.75 57.39
52.68 57.40
53.41 57.41
54.47 57.42
55.25 57.44
56.09 57.46
56.88 57.48
57.83 57.50
58.32 57.53
58.80 57.56
59.27 57.60
59.72 57.63
59.87 57.68
59.86 57.72
59.68 57.77
59.35 57.82
58.90 57.87
58.32 57.92
57.27 57.97
56.41 58.03
55.46 58.08
54.12 58.14
53.48 58.20
52.99 58.26
52.53 58.33
52.01 58.39
51.77 58.45
51.68 58.50
51.84 58.55
52.41 58.59
53.02 58.62
53.77 58.62
55.23 58.60
56.41 58.54
57.70 58.40
59.03 58.04
61.10 57.51
62.44 56.90
63.74 56.21
65.48 55.50
66.51 54.76
67.42 54.01
68.22 53.26
69.18 52.50
69.61 51.74
69.85 50.97
69.96 50.21
69.95 49.46
69.88 48.72
69.72 47.99
69.27 47.28
68.73 46.59
67.91 45.92
66.80 45.28
64.60 44.67
62.84 44.09
60.86 43.56
57.57 43.06
55.22 42.59
51.42 42.19
50.11 41.82
46.35 41.50
44.08 41.22
42.07 40.98
40.25 40.78
37.78 40.60
36.34 40.45
35.04 40.34
33.37 40.24
32.54 40.16
31.98 40.10
31.78 40.07
32.13 40.06
32.96 40.07
34.31 40.10
37.10 40.16
39.40 40.24
41.89 40.34
44.45 40.46
47.93 40.59
49.86 40.73
51.42 40.89
52.57 41.05
53.47 41.23
53.60 41.41
53.55 41.61
53.49 41.81
53.55 42.01
53.84 42.22
54.42 42.42
55.35 42.63
55.99 42.83
56.66 43.03
57.46 43.23
57.87 43.42
58.37 43.61
59.00 43.79
60.95 43.97
62.45 44.15
64.20 44.33
67.24 44.50
69.67 44.68
72.43 44.86
75.78 45.04
81.67 45.22
86.07 45.41
90.68 45.60
97.65 45.79
102.16 45.98
106.45 46.18
111.87 46.37
114.48 46.57
116.95 46.77
117.96 46.96
118.77 47.16
120.19 47.36
121.69 47.56
125.05 47.76
127.70 47.96
131.98 48.15
134.72 48.35
138.40 48.53
140.30 48.72
142.00 48.90
142.54 49.07
142.41 49.24
140.99 49.41
139.27 49.57
135.80 49.72
132.91 49.87
127.88 50.01
124.08 50.15
117.65 50.28
112.86 50.41
105.04 50.54
99.48 50.66
93.69 50.77
84.82 50.88
78.90 50.99
73.07 51.10
67.38 51.20
59.41 51.30
54.54 51.39
50.04 51.48
45.88 51.57
40.84 51.65
38.25 51.73
35.16 51.80
33.37 51.87
31.88 51.93
30.69 51.99
28.79 52.05
27.10 52.10
25.05 52.15
22.81 52.19
19.20 52.24
16.72 52.28
14.37 52.32
12.23 52.37
9.61 52.41
8.60 52.44
8.57 52.48
9.68 52.52
11.23 52.55
12.90 52.58
15.61 52.60
17.38 52.63
19.05 52.64
20.67 52.65
22.95 52.65
24.42 52.65
25.86 52.64
28.14 52.63
29.74 52.61
31.45 52.59
34.16 52.56
35.76 52.52
37.15 52.48
38.37 52.42
40.02 52.36
41.13 52.30
42.33 52.22
43.63 52.14
45.71 52.04
47.03 51.92
48.24 51.79
49.28 51.64
50.54 51.48
51.18 51.30
51.68 51.10
52.29 50.88
52.63 50.63
52.93 50.35
53.22 50.03
53.34 49.67
53.47 49.28
53.53 48.89
53.31 48.49
53.12 48.08
53.11 47.68
53.31 47.30
54.06 46.94
54.82 46.59
55.72 46.25
56.69 45.94
58.12 45.64
58.87 45.36
59.39 45.12
59.61 44.90
59.58 44.69
59.49 44.49
59.25 44.30
58.68 44.12
58.31 43.93
58.14 43.75
58.39 43.57
59.03 43.40
59.96 43.23
60.98 43.08
62.58 42.94
63.54 42.80
64.18 42.69
64.41 42.58
64.14 42.49
63.64 42.44
62.96 42.42
61.71 42.44
60.81 42.48
59.79 42.54
58.58 42.62
56.54 42.71
55.08 42.80
53.49 42.91
51.04 43.01
49.29 43.12
47.32 43.23
45.27 43.34
41.98 43.44
39.82 43.54
36.98 43.65
36.19 43.75
34.45 43.86
34.04 43.96
34.44 44.07
36.11 44.18
37.71 44.29
39.76 44.40
42.29 44.51
46.43 44.62
49.25 44.73
52.18 44.84
56.92 44.94
60.30 45.03
63.78 45.11
67.26 45.19
72.05 45.24
74.74 45.29
76.89 45.33
78.45 45.35
79.82 45.37
80.33 45.38
80.79 45.39
81.35 45.39
81.63 45.39
81.90 45.38
82.25 45.38
83.36 45.37
84.41 45.37
85.60 45.37
87.98 45.37
89.75 45.38
91.13 45.40
91.97 45.42
94.31 45.44
96.61 45.47
98.74 45.50
100.52 45.53
101.70 45.57
101.40 45.62
100.10 45.67
99.18 45.73
97.90 45.79
96.70 45.86
94.97 45.94
91.29 46.02
88.45 46.10
85.74 46.19
83.12 46.28
79.10 46.38
76.30 46.48
73.64 46.58
70.92 46.70
66.62 46.82
63.74 46.94
60.81 47.08
57.82 47.22
53.28 47.37
50.22 47.52
47.10 47.68
42.13 47.84
38.41 48.01
34.71 48.19
31.07 48.37
26.01 48.56
23.23 48.75
21.00 48.95
18.73 49.16
17.96 49.37
17.70 49.58
18.01 49.80
19.39 50.02
20.57 50.24
21.74 50.47
22.88 50.70
24.48 50.93
25.55 51.17
26.60 51.40
28.15 51.64
28.97 51.88
29.65 52.12
30.17 52.36
30.72 52.60
30.89 52.84
30.95 53.07
30.82 53.30
30.59 53.52
30.29 53.74
29.89 53.96
29.12 54.18
28.50 54.40
27.79 54.63
27.00 54.85
25.71 55.08
24.87 55.31
24.04 55.55
22.93 55.80
22.26 56.04
21.66 56.29
21.20 56.52
20.72 56.73
20.61 56.93
20.73 57.09
21.34 57.22
22.02 57.31
22.98 57.33
24.23 57.24
26.28 57.08
27.70 56.85
29.15 56.54
30.42 56.21
32.07 55.84
33.05 55.45
33.92 55.03
34.98 54.60
35.56 54.15
36.06 53.68
36.39 53.20
36.63 52.71
36.65 52.21
36.54 51.69
36.17 51.16
35.80 50.63
35.34 50.10
34.85 49.56
34.14 49.02
33.59 48.49
32.97 47.97
31.86 47.47
31.04 46.99
30.21 46.54
29.44 46.12
28.56 45.73
28.21 45.38
28.05 45.08
28.00 44.83
28.02 44.62
28.04 44.46
28.05 44.35
28.05 44.29
28.10 44.26
28.21 44.26
28.39 44.29
28.80 44.36
29.21 44.44
29.76 44.54
30.80 44.67
31.64 44.81
32.63 44.96
33.82 45.14
35.88 45.33
37.42 45.54
39.03 45.76
40.65 46.00
42.86 46.25
43.93 46.51
44.66 46.78
45.14 47.05
45.12 47.32
44.79 47.60
44.24 47.87
42.92 48.15
41.90 48.42
40.91 48.69
39.66 48.95
39.13 49.21
39.25 49.47
40.11 49.73
42.43 49.99
44.75 50.25
47.79 50.51
51.47 50.77
57.94 51.03
62.61 51.29
69.83 51.55
74.42 51.81
78.84 52.07
83.07 52.33
87.03 52.59
92.44 52.84
95.61 53.10
99.86 53.35
102.50 53.61
106.02 53.86
107.98 54.10
109.69 54.35
110.82 54.59
111.84 54.83
112.00 55.07
111.27 55.30
110.06 55.53
107.11 55.75
104.51 55.96
99.91 56.17
96.58 56.37
93.14 56.57
89.64 56.76
84.46 56.94
80.99 57.12
77.49 57.28
73.91 57.44
68.44 57.58
64.75 57.71
61.08 57.83
55.73 57.94
52.39 58.03
49.23 58.12
46.21 58.19
41.83 58.25
39.07 58.30
36.39 58.34
32.64 58.36
30.21 58.38
27.69 58.38
25.04 58.38
21.26 58.37
18.75 58.36
16.37 58.34
14.39 58.32
12.58 58.31
12.11 58.29
12.10 58.27
13.29 58.26
14.11 58.25
14.71 58.25
15.20 58.25
15.38 58.25
15.66 58.26
16.21 58.27
17.96 58.29
19.69 58.31
21.78 58.33
24.12 58.36
27.57 58.40
29.55 58.43
31.48 58.48
33.54 58.52
36.72 58.57
38.73 58.63
40.63 58.68
43.52 58.73
45.66 58.78
48.04 58.83
50.45 58.87
53.99 58.91
56.26 58.95
58.53 58.98
62.01 59.01
64.34 59.04
66.64 59.06
68.88 59.08
72.19 59.09
74.39 59.10
76.60 59.11
78.86 59.10
82.20 59.08
84.28 59.05
86.17 59.00
88.55 58.93
89.65 58.84
90.45 58.72
90.98 58.55
91.36 58.32
91.31 58.00
91.05 57.53
90.30 56.95
89.65 56.30
88.86 55.59
87.86 54.83
86.26 54.06
85.15 53.28
83.29 52.51
82.10 51.73
80.92 50.96
79.73 50.19
78.53 49.42
76.80 48.66
75.72 47.90
74.70 47.15
73.32 46.40
72.59 45.66
72.16 44.92
71.96 44.19
71.96 43.47
72.29 42.77
72.71 42.06
73.30 41.37
74.63 40.69
75.36 40.03
75.65 39.40
75.14 38.80
74.08 38.24
72.55 37.70
70.85 37.21
68.30 36.76
66.60 36.37
64.77 36.10
62.61 35.92
58.45 35.82
55.44 35.80
52.33 35.85
47.15 35.93
43.31 36.03
39.21 36.15
35.02 36.29
28.88 36.44
24.94 36.60
21.08 36.76
16.02 36.92
14.13 37.08
14.75 37.24
17.25 37.40
22.85 37.55
27.17 37.70
31.64 37.84
36.12 37.98
42.80 38.11
46.97 38.24
50.71 38.37
55.28 38.50
57.50 38.62
59.10 38.75
60.28 38.88
60.89 39.00
60.56 39.13
59.97 39.25
58.40 39.38
57.21 39.50
56.12 39.63
55.22 39.75
53.62 39.87
52.72 39.99
52.50 40.10
53.43 40.21
56.65 40.31
59.73 40.40
63.43 40.49
69.52 40.57
73.38 40.64
76.64 40.71
79.12 40.77
81.47 40.82
82.01 40.86
81.72 40.89
79.97 40.91
77.89 40.93
75.21 40.95
72.10 40.97
67.31 40.99
64.51 41.01
62.19 41.03
60.44 41.05
58.77 41.08
58.34 41.11
58.50 41.14
60.40 41.17
62.42 41.21
64.89 41.26
67.61 41.31
72.25 41.37
75.64 41.43
79.13 41.51
84.20 41.59
87.33 41.67
90.34 41.76
94.62 41.86
97.21 41.96
99.70 42.06
102.04 42.16
105.00 42.26
106.37 42.37
107.66 42.48
108.09 42.60
108.22 42.72
108.18 42.85
107.86 42.98
106.85 43.12
105.83 43.27
103.74 43.42
101.90 43.57
98.47 43.74
95.86 43.91
93.07 44.08
90.11 44.27
85.45 44.46
82.26 44.65
79.10 44.86
74.56 45.07
71.64 45.29
68.74 45.51
65.89 45.74
61.82 45.97
59.22 46.20
56.79 46.41
53.58 46.61
51.77 46.81
50.19 47.01
48.76 47.19
46.78 47.37
45.70 47.53
44.72 47.69
43.22 47.84
42.16 47.98
41.10 48.11
40.08 48.22
39.13 48.32
38.92 48.38
38.97 48.40
39.30 48.35
39.58 48.20
40.01 47.93
40.70 47.50
41.77 47.01
42.42 46.47
43.02 45.91
43.62 45.33
44.27 44.74
44.63 44.14
44.98 43.54
45.50 42.92
46.02 42.31
46.58 41.69
46.95 41.07
46.89 40.45
46.46 39.84
45.77 39.24
44.86 38.65
42.87 38.08
41.28 37.52
39.88 36.97
38.56 36.41
38.14 35.85
38.00 35.27
37.99 34.69
38.00 34.11
38.09 33.53
38.28 33.00
38.90 32.50
39.49 32.03
40.25 31.61
41.13 31.23
42.56 30.88
43.51 30.56
44.38 30.27
45.14 30.00
46.19 29.76
46.91 29.56
47.77 29.39
49.40 29.26
50.95 29.15
52.96 29.08
55.61 29.04
60.76 29.04
64.91 29.06
69.69 29.11
77.64 29.18
83.28 29.28
88.84 29.39
93.98 29.52
100.05 29.66
102.79 29.81
104.73 29.97
104.66 30.13
103.69 30.29
100.80 30.47
98.35 30.64
94.27 30.82
91.45 31.01
88.62 31.21
85.73 31.41
81.41 31.62
78.36 31.84
75.07 32.07
69.56 32.31
65.69 32.55
61.80 32.80
57.91 33.06
52.51 33.32
49.83 33.59
47.78 33.86
45.76 34.13
44.94 34.40
44.44 34.67
44.28 34.94
45.02 35.20
46.06 35.46
47.19 35.71
48.29 35.96
49.92 36.20
50.69 36.44
51.01 36.66
50.77 36.88
50.09 37.08
48.91 37.28
47.55 37.47
46.41 37.64
46.53 37.81
47.13 37.96
48.36 38.10
49.07 38.23
49.59 38.35
49.94 38.46
50.26 38.56
50.32 38.65
50.31 38.73
50.19 38.81
49.76 38.87
49.20 38.93
48.41 38.98
46.82 39.03
45.47 39.07
43.89 39.11
42.16 39.15
39.47 39.19
37.81 39.23
36.47 39.27
34.99 39.31
34.41 39.35
34.27 39.39
34.72 39.43
36.57 39.48
38.49 39.52
40.90 39.56
44.58 39.62
47.65 39.67
50.12 39.71
52.17 39.75
58.40 39.79
65.62 39.82
74.14 39.84
82.77 39.86
93.84 39.88
101.93 39.88
103.99 39.89
108.43 39.89
110.28 39.89
111.80 39.89
112.44 39.88
113.67 39.87
114.63 39.86
116.62 39.85
118.09 39.84
120.18 39.83
121.19 39.83
121.97 39.81
121.98 39.80
121.57 39.78
120.37 39.76
119.08 39.74
116.87 39.72
115.33 39.70
113.04 39.69
111.61 39.69
109.57 39.69
108.28 39.69
107.07 39.69
105.42 39.70
104.39 39.70
103.04 39.71
102.24 39.73
101.25 39.75
100.67 39.78
99.90 39.81
99.41 39.85
98.95 39.89
98.54 39.95
98.10 40.03
97.96 40.13
97.98 40.17
98.24 39.84
98.48 39.37
98.59 38.85
98.52 38.32
98.00 37.78
97.51 37.23
96.99 36.69
96.21 36.15
95.85 35.61
95.70 35.07
95.77 34.54
96.19 34.00
96.52 33.47
96.72 32.93
96.78 32.39
96.68 31.85
96.35 31.30
96.19 30.75
95.68 30.20
95.31 29.65
94.87 29.10
94.39 28.57
93.32 28.04
92.23 27.52
90.78 27.03
87.98 26.57
85.67 26.17
82.99 25.87
78.32 25.85
74.79 25.96
71.05 26.12
67.38 26.29
63.95 26.44
59.64 26.58
57.55 26.72
56.15 26.85
55.21 26.97
55.41 27.09
56.16 27.20
57.42 27.31
59.98 27.43
62.12 27.54
64.51 27.66
68.10 27.79
70.48 27.92
72.78 28.05
74.99 28.19
77.66 28.34
78.85 28.49
79.44 28.65
79.52 28.81
79.09 28.98
78.24 29.14
77.12 29.31
75.31 29.47
74.15 29.64
72.89 29.80
71.56 29.96
69.16 30.11
67.85 30.27
66.47 30.42
63.98 30.56
61.76 30.71
59.31 30.85
55.57 31.00
53.07 31.14
50.87 31.28
48.84 31.43
46.20 31.57
44.68 31.72
43.19 31.86
41.78 32.00
39.83 32.15
38.62 32.29
37.49 32.43
36.58 32.57
35.80 32.70
35.77 32.83
36.10 32.96
37.45 33.08
38.88 33.20
40.73 33.31
42.85 33.41
46.36 33.51
48.83 33.61
51.27 33.70
54.94 33.79
57.41 33.88
60.03 33.97
62.76 34.05
66.89 34.14
69.66 34.23
72.36 34.32
75.10 34.41
79.50 34.50
82.38 34.59
85.01 34.69
88.58 34.79
90.61 34.89
92.33 34.99
93.77 35.10
95.57 35.21
96.55 35.33
97.32 35.45
98.17 35.57
98.59 35.69
98.92 35.82
99.17 35.95
99.23 36.08
99.27 36.22
99.22 36.35
99.16 36.49
99.01 36.63
98.74 36.77
98.21 36.91
96.97 37.06
95.79 37.21
94.35 37.36
92.65 37.52
89.75 37.67
87.64 37.84
85.46 38.00
82.24 38.16
80.19 38.31
78.29 38.47
76.58 38.62
74.55 38.77
73.53 38.92
72.82 39.07
72.23 39.22
71.92 39.37
71.70 39.52
71.59 39.67
71.46 39.82
71.25 39.98
71.04 40.14
71.03 40.30
70.98 40.46
70.84 40.62
70.71 40.79
70.53 40.96
70.44 41.14
70.41 41.31
70.35 41.49
70.46 41.67
70.74 41.84
71.08 42.02
71.64 42.19
72.02 42.36
72.27 42.52
72.49 42.68
72.64 42.83
72.59 42.97
72.39 43.11
72.02 43.24
71.26 43.37
70.60 43.50
69.82 43.63
68.51 43.74
67.47 43.86
66.34 43.98
64.61 44.09
63.46 44.19
62.40 44.27
61.41 44.32
60.17 44.30
59.51 44.17
58.99 43.90
58.65 43.52
58.46 43.11
58.68 42.69
59.25 42.29
60.16 41.89
62.03 41.52
63.51 41.18
65.07 40.87
67.46 40.59
69.04 40.34
70.68 40.13
72.36 39.96
74.80 39.82
76.39 39.71
77.85 39.63
79.75 39.56
80.76 39.51
81.55 39.48
82.12 39.46
82.64 39.45
82.89 39.45
83.29 39.47
83.81 39.50
85.24 39.54
86.74 39.59
88.73 39.65
92.55 39.72
95.72 39.80
99.29 39.89
103.30 39.98
109.87 40.10
114.68 40.22
121.98 40.34
126.42 40.48
131.67 40.61
134.10 40.74
135.99 40.87
136.19 40.99
135.77 41.10
134.12 41.20
132.67 41.30
130.18 41.39
128.53 41.47
125.78 41.55
123.80 41.62
120.45 41.68
117.85 41.74
113.43 41.81
110.16 41.87
106.69 41.95
101.24 42.03
97.38 42.12
90.84 42.22
85.97 42.32
80.69 42.44
72.27 42.56
66.58 42.68
61.02 42.80
55.69 42.93
48.63 43.05
44.83 43.18
42.05 43.30
40.51 43.42
40.64 43.53
42.11 43.65
44.41 43.76
49.00 43.86
52.60 43.97
56.36 44.07
60.19 44.17
65.88 44.27
69.54 44.37
73.02 44.46
77.90 44.56
80.91 44.66
83.79 44.76
86.53 44.85
90.48 44.95
93.03 45.06
95.48 45.16
99.08 45.27
101.42 45.38
103.69 45.49
106.97 45.60
108.96 45.72
111.68 45.83
113.23 45.94
114.51 46.05
116.07 46.16
116.72 46.26
117.30 46.36
117.45 46.46
117.57 46.56
117.69 46.65
118.01 46.75
118.31 46.84
118.71 46.93
119.11 47.03
119.66 47.12
120.24 47.22
120.41 47.32
120.44 47.42
120.22 47.52
119.24 47.63
118.14 47.73
116.01 47.83
114.51 47.93
112.19 48.02
110.70 48.11
109.31 48.20
107.57 48.27
106.66 48.34
105.81 48.40
105.62 48.44
106.00 48.48
106.57 48.51
107.89 48.53
109.03 48.54
110.91 48.54
112.12 48.53
113.82 48.51
114.83 48.48
115.61 48.45
116.12 48.41
115.93 48.36
115.06 48.31
114.14 48.26
112.50 48.20
111.41 48.15
109.85 48.09
108.87 48.04
107.89 48.00
106.28 47.96
105.01 47.93
102.88 47.89
101.20 47.85
98.45 47.82
96.48 47.78
94.44 47.74
91.32 47.69
89.19 47.64
87.13 47.58
85.17 47.49
82.46 47.40
80.83 47.28
79.37 47.14
78.05 46.99
76.43 46.82
75.56 46.65
74.88 46.48
74.30 46.30
74.13 46.10
74.09 45.91
74.20 45.74
74.51 45.58
74.75 45.41
75.06 45.24
75.79 45.04
76.21 44.83
76.54 44.66
77.03 44.47
77.43 44.25
77.80 44.00
77.88 43.71
77.50 43.31
76.99 42.87
76.19 42.42
75.15 41.99
73.62 41.58
72.82 41.22
72.24 40.91
71.60 40.65
70.20 40.43
68.80 40.24
66.80 40.07
62.95 39.92
60.01 39.79
56.80 39.67
53.34 39.58
48.02 39.51
44.95 39.46
42.69 39.45
41.38 39.47
41.90 39.52
43.31 39.60
45.44 39.71
49.64 39.83
52.79 39.96
56.00 40.09
59.08 40.21
63.06 40.32
65.41 40.43
67.51 40.52
70.20 40.61
71.51 40.69
72.23 40.78
72.33 40.87
72.10 40.97
71.91 41.09
71.61 41.22
71.55 41.38
72.06 41.55
72.82 41.74
73.56 41.94
74.39 42.13
74.36 42.31
73.80 42.49
72.80 42.65
70.39 42.78
68.18 42.91
65.77 43.01
62.11 43.10
59.49 43.18
56.52 43.26
53.45 43.32
48.88 43.38
45.82 43.44
42.79 43.49
38.28 43.55
35.36 43.61
32.71 43.67
30.50 43.73
28.10 43.79
27.05 43.86
26.43 43.92
26.35 43.98
27.41 44.04
28.94 44.10
31.05 44.15
35.40 44.19
38.91 44.23
42.67 44.27
46.49 44.30
52.58 44.32
56.64 44.34
60.68 44.35
66.67 44.36
70.61 44.37
74.59 44.37
78.49 44.38
84.43 44.38
88.49 44.39
92.62 44.39
99.07 44.41
103.35 44.42
107.51 44.45
113.41 44.48
117.36 44.51
123.39 44.55
127.47 44.60
133.95 44.65
138.45 44.71
145.09 44.77
149.35 44.84
153.47 44.91
159.34 44.98
163.09 45.06
168.33 45.14
171.44 45.23
175.71 45.33
178.33 45.42
180.69 45.52
183.83 45.63
185.70 45.75
188.33 45.87
189.88 45.99
192.08 46.12
193.32 46.26
194.74 46.39
195.18 46.53
194.97 46.67
194.47 46.80
193.62 46.94
192.12 47.07
190.96 47.20
189.37 47.32
188.27 47.44
186.51 47.55
185.21 47.65
183.28 47.74
182.04 47.82
180.29 47.86
179.24 47.88
177.79 47.88
176.71 47.85
175.47 47.81
173.45 47.76
171.92 47.70
169.40 47.64
167.62 47.56
164.87 47.47
163.04 47.36
160.46 47.24
159.05 47.09
157.85 46.93
156.54 46.74
155.99 46.55
155.76 46.33
155.90 46.11
156.28 45.87
156.70 45.63
157.52 45.38
158.00 45.12
158.68 44.85
159.11 44.58
159.51 44.33
159.87 44.09
159.98 43.88
159.89 43.68
159.73 43.50
159.42 43.34
159.20 43.19
158.78 43.05
158.47 42.92
157.87 42.80
157.42 42.69
156.90 42.59
155.98 42.51
155.30 42.42
154.07 42.35
153.05 42.28
151.21 42.22
149.78 42.16
147.33 42.11
145.45 42.06
142.44 42.02
140.37 41.99
138.29 41.98
135.10 41.97
132.96 41.97
129.60 41.99
127.24 42.02
123.54 42.06
121.08 42.12
117.55 42.19
115.41 42.27
112.64 42.37
111.06 42.48
108.93 42.59
107.67 42.71
106.51 42.83
104.90 42.96
103.80 43.08
102.13 43.19
101.00 43.30
99.17 43.40
97.90 43.49
96.63 43.58
95.38 43.66
93.64 43.74
92.69 43.81
91.99 43.88
91.37 43.94
91.31 44.01
91.51 44.07
91.94 44.13
92.98 44.19
93.90 44.25
94.89 44.31
96.21 44.38
97.05 44.45
97.84 44.51
98.70 44.58
100.08 44.66
101.21 44.73
103.09 44.81
104.51 44.88
106.04 44.95
108.45 45.03
110.16 45.10
112.89 45.16
114.81 45.23
117.76 45.29
119.71 45.35
122.75 45.41
124.96 45.47
128.76 45.53
131.66 45.59
136.49 45.65
140.08 45.72
143.89 45.78
149.58 45.85
153.13 45.92
157.68 45.99
160.12 46.06
162.35 46.14
162.73 46.21
161.48 46.28
159.48 46.35
156.75 46.42
151.53 46.48
147.57 46.55
141.25 46.61
137.02 46.68
130.50 46.74
126.09 46.81
119.28 46.88
114.80 46.94
108.11 47.01
103.55 47.09
98.81 47.16
91.44 47.24
86.50 47.31
81.60 47.39
74.57 47.47
70.26 47.55
66.31 47.62
62.74 47.70
58.29 47.77
55.76 47.84
53.64 47.91
51.95 47.98
50.08 48.04
49.06 48.11
48.19 48.17
47.14 48.22
46.60 48.28
46.28 48.33
46.11 48.37
46.23 48.41
46.53 48.45
46.86 48.48
47.56 48.50
48.22 48.53
49.04 48.54
50.47 48.56
51.51 48.57
52.63 48.58
53.82 48.58
55.12 48.59
57.23 48.59
58.66 48.59
60.04 48.59
61.94 48.59
62.95 48.59
63.82 48.60
64.56 48.60
65.34 48.60
65.51 48.60
65.40 48.61
64.76 48.62
64.06 48.63
63.15 48.65
61.99 48.67
59.73 48.70
58.07 48.73
56.38 48.76
53.78 48.80
51.95 48.85
50.02 48.89
48.03 48.94
44.95 48.99
42.80 49.05
40.58 49.12
38.37 49.19
35.15 49.26
33.08 49.35
31.10 49.44
28.43 49.54
26.89 49.64
25.62 49.76
24.61 49.87
23.45 49.99
22.81 50.11
22.23 50.22
21.49 50.32
21.03 50.41
20.32 50.48
20.08 50.52
19.30 50.54
18.71 50.53
18.04 50.49
17.31 50.41
16.16 50.29
15.36 50.13
14.55 49.92
13.35 49.66
12.67 49.37
12.15 49.04
11.80 48.67
11.71 48.27
12.03 47.86
12.76 47.44
14.33 47.03
15.39 46.64
16.32 46.28
17.11 46.00
18.03 45.79
18.46 45.65
18.75 45.65
18.93 45.70
18.96 45.78
18.82 45.89
18.57 46.03
18.00 46.17
17.42 46.31
16.70 46.46
15.88 46.61
14.43 46.76
13.55 46.91
12.88 47.06
12.30 47.20
12.36 47.34
12.82 47.48
13.63 47.62
15.57 47.74
17.27 47.86
19.15 47.98
22.34 48.09
24.76 48.20
27.39 48.30
30.11 48.40
34.22 48.50
37.07 48.59
39.88 48.68
42.47 48.76
45.80 48.84
47.47 48.91
48.78 48.98
50.35 49.05
51.47 49.12
52.80 49.18
54.41 49.25
57.06 49.31
58.87 49.38
60.59 49.45
63.09 49.52
64.92 49.59
66.51 49.66
67.76 49.73
68.33 49.81
67.89 49.90
67.05 49.98
65.91 50.06
63.80 50.15
62.25 50.23
60.92 50.31
59.25 50.40
58.44 50.48
57.89 50.56
57.41 50.64
56.92 50.71
56.70 50.78
56.54 50.85
56.42 50.92
56.39 50.98
56.49 51.04
56.72 51.10
57.43 51.15
58.12 51.20
58.98 51.26
60.09 51.31
62.16 51.36
63.92 51.41
66.00 51.46
69.71 51.51
72.53 51.57
75.59 51.62
80.21 51.67
83.12 51.73
85.86 51.78
88.49 51.84
92.52 51.90
95.34 51.95
98.19 52.01
100.92 52.06
104.66 52.11
106.82 52.16
109.69 52.21
111.48 52.27
114.25 52.32
116.07 52.38
118.50 52.45
119.85 52.52
120.94 52.59
122.23 52.67
122.81 52.76
123.51 52.85
123.84 52.95
124.06 53.05
123.86 53.15
123.34 53.26
122.75 53.37
121.59 53.47
120.75 53.57
119.86 53.66
118.56 53.75
117.66 53.81
116.59 53.86
115.92 53.87
114.99 53.86
114.52 53.76
114.23 53.61
114.10 53.37
113.95 52.99
114.01 52.53
114.16 51.97
114.80 51.37
115.42 50.71
116.61 50.04
118.41 49.34
119.88 48.63
121.42 47.91
123.47 47.18
124.59 46.45
125.74 45.71
126.09 44.96
126.04 44.21
125.29 43.45
124.61 42.68
123.83 41.90
123.55 41.12
122.96 40.34
122.06 39.57
119.67 38.80
117.38 38.04
113.01 37.28
109.53 36.53
105.67 35.77
99.36 35.02
94.75 34.28
89.86 33.54
82.23 32.82
77.21 32.10
72.44 31.41
66.14 30.74
62.55 30.10
59.45 29.48
56.93 28.90
53.93 28.34
52.30 27.81
50.89 27.32
49.08 26.86
47.90 26.43
46.61 26.04
45.13 25.71
42.52 25.43
40.61 25.20
38.61 25.05
36.63 24.95
33.95 24.90
32.56 24.89
31.63 24.94
30.81 25.02
30.74 25.14
31.07 25.28
32.00 25.45
34.32 25.65
36.35 25.87
38.50 26.10
41.66 26.35
43.58 26.62
45.12 26.89
46.30 27.17
46.97 27.47
46.77 27.76
46.26 28.06
45.54 28.37
44.35 28.68
43.59 29.00
42.96 29.31
42.27 29.64
42.30 29.96
42.79 30.28
44.34 30.60
47.85 30.91
50.94 31.23
54.56 31.54
60.64 31.84
65.07 32.15
69.79 32.45
74.86 32.75
82.64 33.04
87.33 33.34
91.45 33.62
95.32 33.91
100.71 34.19
103.63 34.47
107.06 34.74
108.69 35.00
109.10 35.26
108.02 35.50
106.65 35.75
106.33 35.98
107.59 36.21
111.45 36.43
114.66 36.65
118.63 36.86
120.33 37.06
121.35 37.26
121.02 37.45
119.76 37.64
118.05 37.82
113.69 38.00
109.86 38.18
105.60 38.35
98.61 38.51
93.84 38.67
89.17 38.83
82.40 38.99
78.02 39.13
73.59 39.28
66.63 39.42
61.69 39.56
56.44 39.71
51.09 39.85
43.34 39.99
38.47 40.13
34.15 40.28
30.65 40.43
27.37 40.58
26.69 40.73
26.98 40.88
28.77 41.04
30.66 41.19
32.40 41.34
33.83 41.48
35.40 41.63
36.12 41.77
36.56 41.90
36.73 42.04
36.55 42.17
36.25 42.30
35.85 42.42
35.18 42.54
34.70 42.66
34.21 42.79
33.58 42.90
32.11 43.02
30.99 43.14
29.72 43.26
27.92 43.38
26.87 43.49
26.00 43.61
25.23 43.73
25.05 43.85
25.10 43.97
25.50 44.09
26.94 44.19
28.32 44.30
29.81 44.39
31.39 44.47
34.17 44.55
36.25 44.61
38.44 44.65
42.04 44.68
44.50 44.67
46.87 44.64
49.12 44.54
52.26 44.39
53.99 44.18
55.43 43.87
56.53 43.48
57.61 43.03
58.09 42.51
58.40 41.94
58.39 41.35
58.10 40.74
57.64 40.13
57.12 39.52
56.17 38.91
55.59 38.32
55.06 37.74
54.38 37.18
54.01 36.63
53.73 36.09
53.52 35.57
53.45 35.05
53.72 34.54
54.11 34.05
54.86 33.56
55.56 33.09
56.34 32.61
57.14 32.14
58.21 31.68
58.77 31.21
59.13 30.76
59.32 30.30
59.56 29.84
59.58 29.39
59.29 28.93
58.94 28.48
58.54 28.02
58.11 27.58
57.70 27.13
57.03 26.69
56.46 26.26
55.68 25.90
54.22 25.60
53.11 25.38
51.92 25.22
50.53 25.15
47.52 25.12
44.55 25.11
40.83 25.15
36.58 25.21
30.25 25.28
27.11 25.36
25.48 25.46
26.09 25.56
28.30 25.66
31.57 25.77
35.67 25.88
43.10 25.98
48.85 26.09
55.10 26.19
65.00 26.28
71.87 26.37
78.79 26.46
85.68 26.55
96.25 26.64
103.69 26.73
111.43 26.83
122.63 26.93
129.38 27.04
136.80 27.15
140.08 27.27
143.67 27.39
145.43 27.51
147.04 27.64
147.44 27.77
147.02 27.91
144.88 28.06
142.50 28.21
137.89 28.37
134.37 28.53
128.81 28.69
124.96 28.86
119.71 29.03
116.86 29.20
113.90 29.38
112.72 29.56
111.83 29.74
110.73 29.92
109.45 30.10
106.75 30.29
104.22 30.47
99.81 30.66
96.77 30.84
93.97 31.02
90.19 31.21
87.91 31.39
85.78 31.57
83.76 31.75
81.33 31.93
80.06 32.11
79.12 32.28
78.35 32.46
78.29 32.63
78.57 32.81
79.11 32.98
80.28 33.15
81.21 33.32
82.25 33.48
83.35 33.65
85.11 33.82
86.38 33.99
87.83 34.17
90.12 34.35
91.52 34.53
92.85 34.71
94.14 34.91
95.83 35.10
96.61 35.30
97.23 35.51
97.93 35.72
98.12 35.93
98.03 36.14
97.73 36.35
97.51 36.57
97.36 36.79
97.40 37.02
97.99 37.25
98.56 37.48
99.20 37.72
99.60 37.96
99.52 38.20
98.80 38.44
97.61 38.68
96.08 38.93
93.50 39.18
91.86 39.42
90.41 39.66
88.67 39.90
87.71 40.14
87.06 40.37
86.67 40.59
86.47 40.81
86.59 41.02
86.95 41.23
87.64 41.44
89.19 41.65
90.54 41.87
92.13 42.10
94.66 42.33
96.54 42.57
98.68 42.82
101.06 43.09
104.77 43.38
107.07 43.68
109.91 44.00
111.55 44.33
114.21 44.67
115.91 44.98
117.85 45.26
118.61 45.49
118.76 45.64
118.20 45.72
117.26 45.72
115.17 45.68
113.37 45.61
110.27 45.50
106.75 45.35
104.23 45.18
101.60 45.00
97.40 44.79
94.35 44.58
91.00 44.36
87.28 44.13
80.83 43.89
76.00 43.65
70.86 43.41
62.72 43.16
57.16 42.90
51.69 42.65
46.33 42.39
38.77 42.12
34.31 41.84
30.59 41.56
27.07 41.27
26.31 40.96
26.73 40.64
27.97 40.32
30.76 39.99
32.99 39.66
35.45 39.35
37.98 39.06
41.54 38.79
43.47 38.53
44.97 38.31
46.36 38.10
46.91 37.92
47.33 37.76
47.73 37.63
48.49 37.52
49.22 37.42
50.11 37.36
51.59 37.30
52.55 37.26
53.36 37.22
53.92 37.20
54.07 37.19
53.68 37.20
52.91 37.23
51.61 37.27
48.70 37.33
46.24 37.41
41.77 37.52
38.51 37.64
35.17 37.78
31.96 37.93
27.74 38.10
25.53 38.29
23.83 38.48
22.84 38.69
22.66 38.91
23.40 39.15
24.59 39.40
25.99 39.65
28.18 39.92
29.71 40.19
31.29 40.47
32.94 40.75
35.53 41.03
37.26 41.31
38.79 41.59
40.38 41.86
41.59 42.13
43.18 42.39
45.03 42.65
47.96 42.89
49.89 43.12
52.03 43.35
55.83 43.56
58.74 43.76
61.97 43.94
65.39 44.12
70.56 44.29
73.91 44.45
76.94 44.59
80.60 44.73
82.38 44.87
83.71 44.99
84.51 45.12
84.66 45.24
84.19 45.35
83.35 45.47
82.21 45.58
79.94 45.69
78.12 45.80
76.12 45.91
72.80 46.02
70.42 46.13
66.82 46.24
65.61 46.35
62.06 46.46
59.77 46.57
57.56 46.68
54.45 46.79
52.48 46.91
50.62 47.02
48.89 47.13
46.64 47.24
45.41 47.35
44.31 47.47
43.30 47.58
41.90 47.68
41.07 47.79
40.39 47.90
39.76 48.00
39.62 48.11
39.65 48.21
39.93 48.30
40.50 48.40
40.81 48.49
41.19 48.59
42.22 48.68
43.16 48.77
44.18 48.87
45.09 48.96
46.22 49.06
46.82 49.16
47.35 49.26
47.86 49.36
48.66 49.46
49.20 49.56
49.71 49.66
50.46 49.77
50.96 49.87
51.45 49.97
51.89 50.06
52.37 50.15
52.58 50.23
52.68 50.31
52.80 50.38
52.96 50.45
53.22 50.52
53.54 50.57
54.12 50.61
54.55 50.65
54.95 50.68
55.58 50.72
55.96 50.75
56.32 50.78
56.72 50.81
57.70 50.83
58.60 50.85
59.73 50.85
60.98 50.82
62.96 50.74
64.32 50.61
65.67 50.36
67.52 50.03
68.60 49.63
69.56 49.17
70.42 48.65
71.55 48.10
72.16 47.54
72.63 46.95
72.99 46.35
73.18 45.74
73.11 45.12
72.82 44.49
72.04 43.86
71.33 43.22
70.47 42.59
69.43 41.95
67.40 41.31
65.79 40.66
64.04 40.02
61.43 39.38
59.76 38.73
58.23 38.08
56.79 37.44
54.80 36.80
53.68 36.16
52.74 35.52
51.98 34.88
51.08 34.24
50.66 33.59
50.40 32.95
50.27 32.31
50.33 31.67
50.37 31.04
50.04 30.40
49.52 29.77
48.79 29.14
47.95 28.53
46.85 27.93
46.15 27.34
45.44 26.78
44.75 26.28
43.86 25.88
43.36 25.60
43.00 25.47
42.57 25.40
42.52 25.38
42.70 25.39
43.02 25.43
43.38 25.47
43.50 25.53
43.49 25.60
43.37 25.68
42.87 25.78
42.30 25.89
41.40 26.01
39.33 26.14
37.63 26.28
35.76 26.43
33.81 26.59
30.58 26.75
28.33 26.92
26.10 27.10
23.13 27.28
21.56 27.47
20.51 27.66
20.19 27.85
21.49 28.05
23.86 28.25
26.99 28.44
30.66 28.63
36.75 28.81
40.78 28.98
44.51 29.15
49.34 29.31
52.23 29.46
55.01 29.61
57.76 29.75
61.34 29.89
63.41 30.02
65.24 30.15
67.61 30.26
68.89 30.37
69.92 30.47
70.64 30.56
71.44 30.64
71.95 30.72
72.23 30.78
72.12 30.84
70.82 30.90
68.89 30.95
66.00 31.01
60.36 31.07
56.20 31.14
51.75 31.21
47.08 31.29
39.75 31.39
34.75 31.49
29.91 31.60
24.79 31.72
24.11 31.86
25.72 32.01
29.49 32.16
37.97 32.34
44.72 32.52
51.81 32.71
59.00 32.91
69.90 33.13
77.12 33.36
84.18 33.59
94.31 33.83
100.63 34.08
106.55 34.34
114.72 34.61
119.56 34.89
125.74 35.17
129.14 35.46
133.61 35.75
136.38 36.05
140.12 36.36
142.28 36.67
144.15 36.99
146.05 37.31
146.80 37.63
146.92 37.96
146.85 38.30
146.33 38.63
145.63 38.97
144.05 39.30
142.58 39.63
140.91 39.95
137.95 40.26
135.71 40.55
132.11 40.84
129.57 41.11
125.58 41.37
122.78 41.61
118.40 41.84
115.40 42.06
110.62 42.27
107.11 42.47
103.29 42.66
97.06 42.86
92.87 43.05
88.79 43.24
83.06 43.44
79.50 43.64
76.13 43.85
71.58 44.07
68.90 44.29
66.35 44.51
64.10 44.73
61.49 44.94
60.05 45.14
58.50 45.32
55.60 45.49
53.24 45.65
50.74 45.80
48.12 45.92
44.16 46.02
41.65 46.10
39.48 46.15
36.84 46.18
35.21 46.19
33.60 46.18
32.02 46.13
29.73 46.06
28.35 45.94
27.16 45.81
26.10 45.66
24.79 45.48
24.07 45.26
23.54 45.01
23.16 44.75
23.20 44.47
23.43 44.16
23.84 43.83
24.81 43.48
25.58 43.11
26.35 42.70
27.45 42.28
28.02 41.82
28.43 41.34
28.59 40.84
28.34 40.31
27.84 39.78
27.09 39.22
26.11 38.66
24.29 38.10
22.94 37.53
21.52 36.97
19.28 36.43
17.72 35.92
16.15 35.43
14.60 34.99
12.29 34.59
10.75 34.23
9.23 33.94
7.88 33.68
6.90 33.47
6.75 33.30
7.81 33.16
9.64 33.05
12.09 32.97
15.00 32.91
18.24 32.89
23.30 32.88
26.66 32.88
29.94 32.91
34.45 32.96
37.06 33.02
39.20 33.09
40.84 33.19
42.47 33.31
43.27 33.45
44.19 33.61
46.24 33.79
48.28 34.00
50.89 34.22
53.92 34.46
58.77 34.71
61.91 34.98
64.78 35.26
67.44 35.55
70.97 35.84
73.17 36.14
75.25 36.44
78.16 36.74
79.88 37.04
81.40 37.35
82.67 37.65
83.96 37.95
84.41 38.25
84.45 38.55
83.34 38.85
81.82 39.14
79.66 39.42
77.01 39.70
72.56 39.97
69.55 40.24
66.66 40.49
63.94 40.73
60.45 40.95
58.38 41.16
56.59 41.36
54.53 41.54
53.40 41.71
52.05 41.87
50.27 42.01
47.24 42.15
45.61 42.27
44.59 42.39
44.73 42.50
45.89 42.60
47.62 42.69
49.53 42.78
52.32 42.86
53.79 42.94
54.77 43.01
55.33 43.08
55.21 43.14
54.80 43.20
54.10 43.25
52.55 43.30
51.13 43.36
49.37 43.41
47.23 43.46
43.34 43.51
40.31 43.56
37.00 43.62
31.72 43.68
28.07 43.74
24.41 43.80
20.92 43.87
16.51 43.95
15.05 44.02
15.13 44.11
16.31 44.19
19.43 44.28
21.90 44.37
24.44 44.46
28.09 44.56
30.39 44.66
32.68 44.76
34.97 44.86
38.46 44.96
40.83 45.06
43.22 45.16
46.88 45.26
49.26 45.37
51.49 45.47
53.54 45.58
56.39 45.69
58.15 45.80
59.77 45.92
61.29 46.03
63.38 46.14
64.66 46.25
65.63 46.36
66.39 46.45
66.27 46.55
65.68 46.63
64.79 46.71
63.40 46.79
62.80 46.86
62.67 46.93
63.48 47.01
64.65 47.08
66.29 47.15
68.31 47.22
71.77 47.28
74.11 47.35
76.31 47.42
79.24 47.48
80.89 47.55
82.34 47.61
83.68 47.66
85.32 47.71
86.08 47.75
86.65 47.78
87.04 47.81
87.51 47.82
87.79 47.82
88.06 47.81
88.32 47.78
88.33 47.75
88.09 47.70
87.60 47.61
86.53 47.49
85.60 47.30
84.49 47.01
82.21 46.64
80.08 46.22
77.58 45.74
74.86 45.21
70.28 44.63
67.01 44.03
63.67 43.39
60.33 42.74
55.45 42.09
52.42 41.43
49.73 40.78
46.07 40.12
43.80 39.47
41.65 38.82
39.64 38.16
36.86 37.51
35.19 36.85
33.64 36.17
31.57 35.50
30.41 34.85
29.59 34.22
29.06 33.63
28.95 33.08
29.26 32.57
29.73 32.10
30.34 31.68
31.36 31.28
32.06 30.92
32.82 30.60
34.30 30.32
35.43 30.10
36.67 29.95
37.96 29.88
39.52 29.88
40.11 29.93
40.32 30.04
40.28 30.20
40.03 30.38
39.50 30.59
38.52 30.82
35.85 31.06
33.52 31.31
30.92 31.56
28.19 31.81
24.17 32.07
21.70 32.33
19.48 32.58
16.97 32.83
16.23 33.07
16.61 33.31
17.67 33.53
19.71 33.75
21.12 33.95
22.42 34.14
24.52 34.31
26.59 34.46
29.38 34.61
32.65 34.74
38.38 34.86
42.99 34.97
48.31 35.07
53.91 35.16
62.17 35.23
67.60 35.29
75.30 35.34
80.37 35.37
85.57 35.39
90.39 35.41
96.20 35.41
99.21 35.40
101.37 35.40
102.93 35.40
103.22 35.40
102.29 35.41
99.61 35.45
97.61 35.49
96.40 35.54
96.39 35.60
97.65 35.67
99.20 35.75
100.78 35.83
103.97 35.92
106.19 36.01
109.40 36.10
111.69 36.18
114.79 36.27
115.71 36.35
115.83 36.42
114.88 36.50
111.56 36.57
108.19 36.64
101.66 36.71
96.63 36.78
91.38 36.86
86.08 36.93
77.97 37.02
72.34 37.11
66.63 37.21
58.48 37.32
53.72 37.44
49.74 37.57
46.58 37.71
43.58 37.86
42.67 38.01
42.80 38.17
44.62 38.34
46.67 38.51
49.27 38.68
53.74 38.86
56.81 39.04
59.92 39.22
63.04 39.40
68.00 39.59
71.35 39.78
74.70 39.97
77.97 40.17
82.71 40.37
85.61 40.57
88.16 40.78
90.42 40.99
93.36 41.20
94.97 41.42
96.29 41.64
97.82 41.87
98.74 42.09
99.74 42.33
100.70 42.56
102.17 42.80
103.12 43.05
104.26 43.30
104.69 43.56
105.09 43.82
105.02 44.08
104.71 44.34
104.49 44.61
104.08 44.89
103.93 45.16
103.87 45.44
104.26 45.72
104.71 45.99
105.72 46.28
106.47 46.56
107.76 46.85
108.61 47.15
110.03 47.44
110.97 47.74
111.87 48.04
113.21 48.34
114.10 48.64
115.63 48.94
116.69 49.24
118.54 49.53
119.81 49.81
121.89 50.09
123.26 50.37
125.32 50.64
126.71 50.90
128.01 51.15
129.93 51.39
131.15 51.59
132.88 51.74
133.94 51.75
135.32 51.55
136.10 51.11
137.09 50.62
137.58 50.09
137.83 49.53
137.81 48.96
137.66 48.37
137.27 47.76
137.05 47.15
136.69 46.52
136.55 45.88
136.69 45.23
136.91 44.57
137.02 43.90
136.87 43.23
136.36 42.54
136.05 41.85
135.86 41.17
135.89 40.48
135.87 39.82
135.86 39.18
136.03 38.57
136.78 37.98
137.52 37.43
139.06 36.92
140.35 36.44
142.60 36.01
144.21 35.61
145.77 35.27
148.24 34.98
150.06 34.74
152.70 34.55
154.81 34.41
156.00 34.30
157.09 34.23
158.59 34.19
159.55 34.18
160.94 34.19
161.86 34.22
162.87 34.27
164.47 34.35
165.78 34.44
168.10 34.55
169.90 34.67
172.64 34.81
174.31 34.97
176.03 35.14
176.85 35.31
177.50 35.50
178.08 35.70
178.36 35.90
178.22 36.11
177.74 36.33
176.15 36.55
174.39 36.77
170.69 36.99
167.60 37.22
162.13 37.44
157.95 37.66
153.46 37.87
146.54 38.08
141.90 38.29
134.89 38.49
130.08 38.68
122.82 38.87
118.12 39.05
111.30 39.22
107.03 39.39
99.88 39.55
95.15 39.70
90.93 39.85
86.87 39.99
81.02 40.13
77.44 40.26
72.80 40.38
70.17 40.50
68.00 40.61
66.31 40.73
64.60 40.83
64.08 40.93
64.08 41.03
64.48 41.13
65.26 41.22
66.82 41.31
68.01 41.40
69.19 41.48
70.90 41.56
71.93 41.64
72.88 41.72
73.73 41.79
74.90 41.86
75.63 41.93
76.40 41.99
77.66 42.05
78.51 42.11
79.42 42.16
80.41 42.20
82.17 42.24
83.53 42.28
85.06 42.31
86.75 42.34
89.48 42.37
91.34 42.39
93.29 42.43
96.31 42.46
98.37 42.50
100.46 42.55
103.60 42.61
105.59 42.67
108.37 42.74
110.08 42.82
111.62 42.91
113.59 43.00
114.59 43.11
115.76 43.22
116.26 43.34
116.80 43.47
117.10 43.60
117.66 43.74
118.12 43.88
118.19 44.02
118.32 44.16
118.37 44.30
118.49 44.43
118.66 44.56
119.02 44.69
119.26 44.82
119.56 44.93
119.37 45.04
118.53 45.14
117.93 45.23
117.31 45.31
115.91 45.38
114.69 45.45
112.72 45.50
111.44 45.55
109.63 45.59
108.34 45.62
106.36 45.61
104.97 45.53
102.93 45.06
101.56 44.44
100.21 43.76
98.59 43.08
97.83 42.39
97.17 41.68
96.29 40.97
95.98 40.26
95.88 39.54
96.03 38.83
96.23 38.14
96.44 37.45
96.58 36.79
96.46 36.14
95.96 35.49
95.02 34.85
92.83 34.21
91.01 33.59
89.14 32.99
87.41 32.41
85.41 31.86
84.57 31.33
84.07 30.84
84.00 30.38
83.82 29.95
83.46 29.56
82.97 29.19
82.07 28.85
81.42 28.54
80.70 28.27
79.79 28.06
78.01 27.88
76.59 27.75
74.96 27.68
72.13 27.64
70.19 27.64
68.31 27.67
66.59 27.75
64.18 27.86
62.90 27.97
61.87 28.11
61.03 28.25
60.24 28.40
60.11 28.55
60.39 28.70
61.48 28.85
62.89 29.01
64.60 29.17
66.26 29.33
68.52 29.50
69.93 29.68
71.20 29.86
72.50 30.05
73.10 30.23
73.64 30.42
74.04 30.61
74.19 30.79
73.82 30.98
72.96 31.15
71.48 31.33
67.95 31.49
64.92 31.65
61.46 31.81
55.68 31.96
51.48 32.10
47.32 32.24
43.30 32.39
37.82 32.52
34.63 32.66
31.81 32.79
28.38 32.92
26.60 33.05
25.64 33.17
25.81 33.30
28.16 33.41
30.81 33.53
33.99 33.64
37.29 33.74
43.10 33.84
47.65 33.94
52.30 34.03
59.70 34.12
64.97 34.21
70.37 34.29
75.80 34.37
83.98 34.44
89.19 34.52
94.01 34.59
100.30 34.66
103.67 34.73
106.37 34.81
110.06 34.88
112.67 34.96
116.95 35.03
119.96 35.11
124.83 35.19
128.27 35.27
134.10 35.35
138.33 35.43
144.96 35.52
149.46 35.60
153.79 35.68
159.79 35.77
163.58 35.86
169.11 35.96
172.60 36.05
177.59 36.15
180.84 36.26
185.57 36.37
188.64 36.48
192.83 36.60
195.16 36.72
197.07 36.84
198.97 36.97
199.60 37.11
199.36 37.24
198.68 37.38
197.12 37.52
195.82 37.66
193.64 37.80
192.14 37.94
190.15 38.08
188.93 38.23
187.76 38.37
186.11 38.51
185.03 38.66
183.45 38.80
182.38 38.95
180.84 39.10
179.83 39.25
178.39 39.39
177.46 39.52
176.11 39.63
175.27 39.71
174.47 39.77
173.26 39.79
172.32 39.79
170.74 39.76
169.64 39.70
167.92 39.63
166.69 39.54
164.72 39.43
163.25 39.32
161.67 39.21
159.24 39.08
157.81 38.95
155.82 38.82
154.54 38.68
152.72 38.55
151.45 38.41
149.40 38.27
147.96 38.13
145.51 37.99
142.77 37.85
141.88 37.70
139.26 37.55
136.44 37.39
134.35 37.22
132.04 37.04
128.24 36.84
125.60 36.65
121.70 36.45
119.20 36.24
115.81 36.03
113.86 35.82
112.12 35.61
109.60 35.40
107.89 35.19
105.21 34.98
103.49 34.75
101.74 34.50
101.20 34.21
101.13 33.90
101.37 33.55
102.04 33.17
102.79 32.75
103.89 32.33
106.32 31.94
108.40 31.59
112.14 31.28
114.94 31.03
119.28 30.82
122.10 30.67
125.95 30.54
128.30 30.45
131.38 30.40
133.20 30.37
134.93 30.38
137.39 30.41
139.07 30.48
141.58 30.56
143.22 30.67
145.42 30.79
146.93 30.94
149.37 31.10
151.98 31.28
153.65 31.46
155.10 31.66
156.32 31.86
157.29 32.07
157.32 32.28
155.98 32.51
154.27 32.74
150.48 32.98
147.39 33.22
142.26 33.47
138.67 33.74
135.16 34.00
128.73 34.28
123.88 34.58
117.23 34.88
113.25 35.20
107.43 35.53
103.48 35.86
97.23 36.20
92.87 36.54
88.26 36.87
80.95 37.19
75.80 37.50
70.40 37.79
64.91 38.07
56.93 38.32
51.90 38.56
47.24 38.77
42.80 38.97
35.79 39.15
30.62 39.31
25.25 39.45
17.76 39.58
13.76 39.69
12.02 39.79
13.41 39.88
19.64 39.97
24.27 40.04
28.92 40.11
35.80 40.18
40.22 40.24
44.42 40.31
48.34 40.37
53.80 40.43
56.95 40.49
59.56 40.56
61.65 40.63
63.77 40.70
64.62 40.78
65.22 40.86
65.88 40.94
66.24 41.03
66.56 41.12
66.91 41.21
67.70 41.31
68.44 41.40
69.27 41.49
70.85 41.59
72.05 41.68
73.34 41.78
74.69 41.87
76.81 41.97
78.16 42.06
79.40 42.16
80.53 42.25
82.02 42.35
82.81 42.44
83.40 42.54
83.99 42.64
84.17 42.73
84.22 42.83
84.10 42.92
83.74 43.02
83.37 43.11
82.85 43.19
82.17 43.28
81.80 43.36
81.34 43.43
80.81 43.51
80.42 43.59
80.74 43.67
81.49 43.75
82.55 43.83
84.55 43.92
86.08 44.02
87.71 44.11
90.10 44.21
91.49 44.32
92.73 44.43
94.22 44.54
95.01 44.65
95.69 44.76
96.28 44.87
97.23 44.99
97.95 45.10
98.79 45.21
99.81 45.32
101.74 45.42
103.27 45.52
105.74 45.61
107.46 45.69
109.04 45.75
111.04 45.79
111.97 45.78
112.72 45.73
112.67 45.60
111.88 45.41
110.87 45.14
108.58 44.81
106.68 44.45
103.47 44.04
101.06 43.61
98.45 43.17
94.13 42.72
90.98 42.27
87.73 41.83
82.63 41.38
79.08 40.92
75.38 40.47
71.50 40.01
65.36 39.54
61.43 39.07
57.75 38.61
54.40 38.14
50.04 37.66
47.74 37.18
46.06 36.71
44.73 36.23
44.62 35.75
45.14 35.29
46.20 34.85
48.79 34.43
51.13 34.03
54.99 33.69
57.57 33.38
60.25 33.13
63.09 32.94
67.34 32.79
70.10 32.66
72.68 32.55
75.05 32.45
78.41 32.36
80.57 32.27
82.81 32.19
85.23 32.11
88.84 32.04
91.16 31.98
93.41 31.94
95.41 31.92
98.01 31.93
99.38 31.97
100.47 32.03
101.79 32.14
102.49 32.28
103.68 32.45
104.75 32.66
106.68 32.90
108.18 33.16
109.85 33.43
112.20 33.72
113.48 34.02
114.42 34.32
114.27 34.63
112.44 34.93
110.32 35.24
106.26 35.54
103.05 35.84
97.90 36.14
94.40 36.43
90.73 36.71
86.84 36.98
81.16 37.25
77.94 37.51
75.13 37.76
72.42 38.00
68.68 38.22
66.29 38.44
63.23 38.65
61.54 38.85
60.00 39.05
58.61 39.23
56.59 39.40
55.34 39.57
54.33 39.73
53.55 39.89
52.86 40.04
52.71 40.18
52.92 40.32
53.49 40.46
54.95 40.59
56.28 40.72
57.93 40.85
59.99 40.98
63.39 41.12
65.68 41.25
67.93 41.39
71.33 41.52
73.58 41.66
75.72 41.79
77.71 41.93
80.70 42.06
82.88 42.19
85.31 42.32
89.46 42.45
92.12 42.58
94.64 42.71
97.07 42.83
100.53 42.95
102.61 43.07
105.40 43.19
106.97 43.31
108.32 43.43
109.93 43.54
110.62 43.66
111.28 43.77
111.44 43.89
111.54 44.01
111.42 44.13
111.00 44.24
110.56 44.36
109.58 44.47
108.74 44.58
107.19 44.68
106.08 44.78
104.92 44.89
103.38 44.98
102.39 45.08
101.02 45.17
100.12 45.26
98.80 45.34
97.99 45.43
97.24 45.51
96.51 45.59
95.29 45.67
94.56 45.75
93.90 45.82
92.77 45.90
91.88 45.97
90.99 46.04
90.06 46.12
88.68 46.19
87.75 46.27
86.75 46.34
85.46 46.41
84.68 46.47
83.94 46.53
83.26 46.58
82.19 46.63
81.46 46.66
80.77 46.68
79.74 46.69
78.95 46.67
78.08 46.64
77.13 46.56
75.63 46.46
74.39 46.33
72.97 46.17
71.48 45.98
68.96 45.75
67.20 45.46
65.49 45.08
63.11 44.63
61.78 44.12
60.72 43.51
59.98 42.77
59.36 41.97
59.25 41.20
59.38 40.47
60.02 39.76
60.75 39.08
61.81 38.43
63.20 37.80
65.96 37.19
68.29 36.61
70.93 36.08
73.77 35.59
78.13 35.15
80.97 34.77
83.60 34.47
87.02 34.20
89.03 33.96
90.83 33.76
92.42 33.57
94.36 33.40
95.42 33.25
96.35 33.11
97.46 32.98
98.20 32.87
99.09 32.78
100.33 32.70
102.92 32.65
105.31 32.61
109.82 32.60
113.58 32.61
120.08 32.63
124.86 32.68
132.28 32.75
137.46 32.84
142.77 32.94
150.41 33.06
155.16 33.19
161.60 33.33
165.15 33.49
169.21 33.65
171.27 33.82
173.13 33.99
173.74 34.16
173.27 34.34
172.28 34.51
170.85 34.67
164.50 34.83
162.17 34.99
152.90 35.14
146.87 35.29
136.54 35.43
128.94 35.57
117.50 35.70
109.82 35.83
98.35 35.96
90.82 36.08
83.61 36.20
77.02 36.32
68.68 36.44
64.21 36.55
60.58 36.66
57.87 36.77
55.40 36.87
54.64 36.97
54.38 37.07
54.96 37.16
55.79 37.25
56.83 37.34
58.03 37.43
60.42 37.51
62.07 37.59
63.73 37.67
66.58 37.76
68.69 37.84
70.85 37.92
72.85 38.00
75.58 38.08
77.31 38.16
79.03 38.25
80.72 38.33
82.83 38.41
83.87 38.50
84.66 38.59
85.29 38.68
85.32 38.76
85.18 38.85
84.93 38.94
84.58 39.04
84.30 39.13
84.00 39.22
83.52 39.31
83.28 39.40
83.06 39.50
82.73 39.59
81.95 39.69
81.31 39.78
80.57 39.88
79.25 39.98
78.22 40.08
77.19 40.17
76.02 40.27
74.21 40.37
73.00 40.47
71.73 40.57
70.37 40.66
68.20 40.75
66.59 40.84
64.94 40.93
62.41 41.02
60.81 41.10
59.33 41.18
57.85 41.27
56.14 41.35
55.33 41.44
54.58 41.52
53.50 41.61
52.90 41.70
52.56 41.80
52.43 41.90
52.28 42.01
52.14 42.12
52.04 42.23
52.08 42.34
52.41 42.46
52.67 42.57
52.95 42.68
53.69 42.78
54.27 42.88
54.90 42.97
55.64 43.04
56.75 43.10
57.42 43.15
58.02 43.19
58.86 43.21
59.31 43.22
59.64 43.23
59.81 43.21
59.61 43.19
59.05 43.16
58.16 43.12
56.14 43.06
54.33 43.00
52.22 42.92
49.78 42.80
45.89 42.65
43.23 42.46
40.60 42.22
38.02 41.93
34.29 41.62
32.00 41.30
29.92 40.98
27.33 40.70
25.95 40.45
24.86 40.24
24.11 40.10
23.39 39.99
23.18 39.94
23.10 39.95
23.14 40.01
23.25 40.10
23.22 40.19
23.03 40.30
22.36 40.40
21.74 40.51
21.11 40.63
20.49 40.75
19.53 40.87
18.87 41.00
18.19 41.13
17.18 41.26
16.58 41.40
16.09 41.55
15.73 41.70
15.40 41.86
15.34 42.02
15.36 42.18
15.39 42.35
15.48 42.52
15.64 42.69
15.87 42.86
16.30 43.04
16.63 43.21
17.12 43.39
17.27 43.56
17.64 43.73
17.84 43.90
17.97 44.07
18.16 44.24
18.37 44.40
18.72 44.57
19.24 44.73
20.37 44.89
21.35 45.05
22.40 45.20
24.20 45.35
25.50 45.50
26.84 45.64
28.33 45.78
31.06 45.91
33.28 46.04
35.90 46.16
39.16 46.29
45.05 46.41
49.00 46.53
52.30 46.63
55.45 46.73
56.60 46.81
57.25 46.88
57.59 46.95
57.49 47.01
57.10 47.06
56.67 47.11
55.63 47.15
54.82 47.20
53.88 47.24
53.00 47.28
52.08 47.33
51.94 47.38
51.99 47.43
52.01 47.48
51.50 47.54
50.60 47.60
49.66 47.67
48.94 47.75
49.01 47.83
49.24 47.91
49.36 48.00
48.92 48.09
48.04 48.18
46.68 48.28
44.02 48.37
41.92 48.47
39.69 48.56
37.42 48.65
33.99 48.74
31.63 48.83
29.27 48.92
27.03 49.00
24.25 49.09
22.84 49.17
22.06 49.26
22.79 49.34
23.99 49.43
25.63 49.52
27.48 49.61
30.45 49.70
32.60 49.79
34.81 49.89
38.10 50.00
40.19 50.11
42.26 50.22
44.32 50.34
47.50 50.46
49.67 50.58
51.87 50.71
55.23 50.84
57.46 50.98
59.64 51.11
61.76 51.25
64.80 51.39
66.68 51.53
68.44 51.67
70.14 51.81
72.45 51.95
73.83 52.09
75.04 52.23
76.63 52.37
77.54 52.52
78.36 52.66
79.05 52.80
79.94 52.95
80.32 53.10
80.50 53.24
80.46 53.39
80.17 53.55
79.75 53.70
78.84 53.85
78.14 54.01
77.32 54.17
76.34 54.33
75.22 54.49
73.32 54.65
71.89 54.81
70.26 54.97
67.42 55.13
65.43 55.30
63.42 55.46
61.34 55.62
58.21 55.78
56.01 55.94
53.77 56.10
50.41 56.26
48.15 56.41
45.83 56.57
43.48 56.72
39.89 56.88
37.44 57.03
34.91 57.18
32.34 57.34
28.40 57.49
25.70 57.64
23.03 57.79
19.16 57.95
16.74 58.10
14.47 58.25
12.33 58.39
9.40 58.51
7.64 58.61
6.18 58.68
5.23 58.72
5.04 58.74
5.66 58.71
6.69 58.65
7.86 58.55
9.60 58.41
10.87 58.25
12.22 58.07
13.69 57.85
15.12 57.62
17.14 57.35
18.38 57.09
19.58 56.80
21.26 56.51
22.25 56.20
23.14 55.89
23.89 55.57
24.92 55.25
25.48 54.91
25.96 54.55
26.45 54.19
26.59 53.81
26.57 53.41
26.42 52.99
26.02 52.55
25.68 52.11
25.27 51.65
24.83 51.18
23.98 50.71
23.28 50.23
22.30 49.74
20.68 49.24
19.58 48.74
18.53 48.25
17.55 47.76
16.14 47.28
15.31 46.81
14.57 46.38
14.34 46.01
14.92 45.68
15.81 45.39
16.63 45.17
17.30 44.98
17.48 44.81
17.54 44.68
17.50 44.57
17.18 44.47
16.78 44.39
16.19 44.34
14.90 44.29
13.82 44.26
12.56 44.24
11.19 44.24
8.81 44.24
6.90 44.26
4.80 44.29
2.52 44.34
1.60 44.40
4.12 44.48
7.05 44.57
11.91 44.68
15.47 44.81
19.22 44.96
23.14 45.13
28.87 45.31
32.49 45.51
36.01 45.73
39.33 45.96
43.93 46.20
46.84 46.45
49.40 46.72
51.80 46.98
55.05 47.25
57.14 47.52
59.27 47.79
62.33 48.06
63.89 48.32
64.79 48.58
65.01 48.83
64.03 49.08
62.73 49.31
61.17 49.54
58.51 49.75
56.34 49.96
53.85 50.15
51.04 50.34
46.47 50.51
43.22 50.67
39.97 50.82
36.97 50.97
32.65 51.10
30.15 51.23
28.29 51.35
27.18 51.47
27.50 51.59
28.45 51.70
29.99 51.80
32.98 51.90
35.20 51.99
37.53 52.07
40.97 52.15
42.75 52.22
43.98 52.28
44.59 52.34
43.82 52.40
42.23 52.46
40.22 52.51
36.77 52.56
34.41 52.61
31.92 52.67
29.36 52.72
25.43 52.78
22.78 52.83
20.12 52.89
17.47 52.95
13.68 53.01
11.35 53.06
9.21 53.12
7.43 53.18
5.58 53.24
5.11 53.29
5.88 53.34
6.77 53.39
7.62 53.44
8.45 53.49
9.48 53.53
11.17 53.57
15.05 53.59
18.49 53.61
21.96 53.63
24.96 53.64
27.10 53.65
27.45 53.65
28.46 53.65
30.44 53.64
34.06 53.63
36.05 53.61
37.67 53.59
39.85 53.57
41.34 53.54
42.70 53.51
43.58 53.47
43.73 53.42
43.01 53.37
41.77 53.32
39.20 53.26
37.22 53.20
34.14 53.13
33.11 53.07
30.36 53.00
28.86 52.92
27.73 52.85
27.03 52.77
26.75 52.69
26.79 52.60
26.84 52.51
26.82 52.43
26.67 52.34
26.39 52.25
25.99 52.16
25.21 52.07
24.61 51.99
23.98 51.90
23.04 51.83
22.36 51.76
21.69 51.70
21.09 51.65
20.42 51.61
20.11 51.58
19.97 51.57
20.29 51.58
20.86 51.59
21.69 51.61
22.70 51.60
24.73 51.54
26.42 51.37
28.40 51.07
30.70 50.65
34.61 50.20
37.26 49.73
39.72 49.26
42.79 48.80
44.33 48.33
45.39 47.86
45.95 47.39
45.78 46.93
45.00 46.47
43.86 46.02
42.40 45.57
39.62 45.14
37.42 44.71
35.03 44.31
31.50 43.92
29.51 43.54
28.08 43.19
27.42 42.86
27.72 42.55
28.67 42.26
30.01 42.02
32.55 41.82
34.37 41.66
36.06 41.53
37.46 41.44
38.70 41.37
38.92 41.31
38.80 41.27
38.13 41.24
37.48 41.21
36.70 41.19
35.88 41.18
34.58 41.17
33.69 41.17
32.72 41.17
31.64 41.18
29.64 41.20
28.10 41.23
26.35 41.27
23.51 41.33
21.73 41.39
20.29 41.47
19.35 41.56
20.61 41.67
23.44 41.79
26.84 41.91
31.14 42.03
32.52 42.15
32.50 42.28
31.59 42.40
29.79 42.52
28.46 42.64
27.00 42.76
25.66 42.89
23.73 43.01
22.12 43.13
20.41 43.26
18.72 43.38
18.69 43.50
19.32 43.63
21.08 43.75
22.77 43.88
24.57 44.00
26.40 44.13
28.94 44.26
30.44 44.39
31.70 44.52
32.26 44.64
31.90 44.77
31.35 44.89
31.11 45.00
31.51 45.11
33.41 45.21
35.82 45.30
38.76 45.39
43.27 45.48
46.07 45.56
48.56 45.65
50.65 45.73
52.98 45.82
54.02 45.91
54.70 46.00
55.24 46.11
55.40 46.22
55.44 46.33
55.50 46.45
55.73 46.58
56.07 46.72
56.72 46.86
58.18 47.01
59.52 47.16
61.15 47.32
62.95 47.48
65.57 47.65
67.42 47.82
69.53 48.00
71.87 48.18
75.64 48.37
78.03 48.56
80.13 48.75
82.75 48.95
84.14 49.15
85.29 49.36
86.26 49.56
87.65 49.76
88.55 49.97
89.43 50.18
90.75 50.39
91.57 50.60
92.27 50.82
92.87 51.03
93.69 51.25
94.12 51.47
94.40 51.69
94.91 51.91
95.51 52.13
96.04 52.35
96.35 52.58
96.38 52.80
96.19 53.01
95.75 53.23
95.10 53.43
93.61 53.63
92.07 53.82
90.16 53.99
86.79 54.16
84.32 54.31
81.73 54.46
79.15 54.59
75.41 54.72
73.06 54.83
70.84 54.94
68.70 55.03
65.33 55.11
62.93 55.18
60.46 55.23
56.91 55.28
54.65 55.31
52.55 55.33
50.61 55.33
48.01 55.33
46.53 55.33
45.14 55.33
43.38 55.34
42.64 55.35
42.37 55.35
42.56 55.32
43.69 55.26
44.96 55.17
46.52 55.04
49.41 54.90
51.82 54.73
54.65 54.55
57.86 54.35
62.89 54.13
66.18 53.90
69.39 53.66
72.41 53.42
76.37 53.17
78.56 52.92
80.34 52.68
82.16 52.43
82.90 52.20
83.39 51.96
83.71 51.74
83.90 51.51
83.87 51.27
83.77 51.05
83.39 50.85
83.04 50.68
82.61 50.57
82.14 50.55
81.32 50.58
80.75 50.65
80.11 50.75
79.39 50.85
78.34 50.94
77.88 51.01
77.56 51.06
77.11 51.09
76.77 51.11
76.47 51.11
76.27 51.10
76.09 51.09
75.97 51.07
75.79 51.06
75.35 51.04
75.02 51.03
74.58 51.02
74.02 51.02
72.95 51.03
72.10 51.04
71.12 51.07
69.47 51.09
68.43 51.12
67.50 51.16
66.56 51.20
66.49 51.25
66.87 51.30
67.70 51.35
69.40 51.42
70.83 51.49
72.41 51.58
73.98 51.67
76.23 51.77
77.51 51.87
78.57 51.99
79.40 52.11
80.22 52.24
80.59 52.37
80.78 52.50
81.05 52.64
81.35 52.79
81.76 52.93
82.25 53.08
82.68 53.23
82.71 53.38
82.48 53.53
81.97 53.69
80.79 53.85
79.68 54.00
78.30 54.16
75.89 54.32
74.36 54.47
72.65 54.63
69.51 54.80
66.66 54.96
63.04 55.13
58.90 55.30
52.60 55.47
48.82 55.64
46.19 55.81
44.09 55.98
42.54 56.14
43.15 56.31
45.18 56.47
49.75 56.62
52.88 56.77
55.79 56.91
58.37 57.05
61.71 57.17
63.53 57.29
65.06 57.40
66.25 57.50
67.19 57.60
67.11 57.69
66.60 57.78
65.31 57.86
64.11 57.94
62.75 58.01
61.34 58.09
59.31 58.16
58.00 58.23
56.74 58.31
54.97 58.39
53.89 58.47
52.90 58.55
52.01 58.63
50.85 58.72
50.22 58.80
49.68 58.88
49.24 58.97
48.69 59.05
48.32 59.13
47.98 59.21
47.26 59.28
46.54 59.36
45.71 59.43
44.84 59.49
43.58 59.56
42.73 59.62
41.96 59.67
41.00 59.73
40.50 59.79
40.08 59.84
39.79 59.89
39.55 59.94
39.49 59.99
39.54 60.04
39.68 60.09
40.04 60.14
40.34 60.18
40.69 60.23
41.35 60.27
41.84 60.31
42.34 60.35
42.87 60.39
43.80 60.42
44.48 60.46
45.21 60.50
46.46 60.54
47.51 60.57
48.76 60.61
50.21 60.65
52.80 60.69
54.71 60.73
56.74 60.76
59.99 60.79
62.22 60.81
64.46 60.83
66.61 60.84
69.76 60.84
71.70 60.84
73.43 60.82
75.07 60.80
77.65 60.76
79.37 60.71
80.92 60.64
82.86 60.57
83.91 60.49
84.89 60.40
85.92 60.30
87.66 60.17
88.94 60.00
90.32 59.76
92.23 59.49
93.09 59.16
93.53 58.80
93.53 58.39
92.88 57.97
92.04 57.52
90.89 57.05
89.45 56.56
86.88 56.07
84.94 55.56
82.89 55.06
79.65 54.54
77.34 54.01
74.98 53.48
72.64 53.02
69.27 52.65
67.07 52.34
63.86 52.08
61.97 51.85
60.29 51.64
58.69 51.45
57.13 51.26
54.76 51.09
52.98 50.94
51.18 50.82
49.63 50.75
48.28 50.72
47.99 50.72
48.07 50.77
48.36 50.83
48.43 50.90
48.40 50.97
48.32 51.03
47.92 51.10
47.38 51.16
46.68 51.21
45.62 51.25
44.91 51.27
44.28 51.29
43.79 51.29
43.52 51.27
43.75 51.21
44.42 51.12
46.24 51.03
47.94 50.94
50.03 50.87
52.40 50.80
55.91 50.75
57.83 50.70
58.99 50.64
59.28 50.59
58.23 50.53
56.90 50.48
55.49 50.42
53.57 50.36
52.52 50.29
51.72 50.22
51.15 50.15
50.50 50.07
50.77 50.01
52.28 49.95
55.59 49.90
57.82 49.86
60.68 49.82
61.34 49.78
62.12 49.75
61.95 49.72
61.56 49.69
60.97 49.67
60.07 49.64
59.58 49.61
58.91 49.57
57.37 49.54
56.40 49.50
55.74 49.46
55.57 49.43
56.02 49.38
56.45 49.34
56.77 49.29
57.13 49.23
57.09 49.18
56.71 49.12
55.71 49.06
53.19 49.00
51.16 48.95
49.16 48.89
46.17 48.85
44.04 48.82
41.84 48.79
39.66 48.77
36.55 48.76
34.67 48.75
33.21 48.76
32.25 48.77
30.79 48.79
29.17 48.82
27.15 48.86
23.99 48.90
21.87 48.95
19.73 49.01
17.54 49.07
14.05 49.15
11.47 49.23
9.75 49.32
10.69 49.41
13.80 49.51
16.44 49.62
19.31 49.73
23.79 49.85
26.64 49.96
29.53 50.08
32.65 50.21
37.36 50.34
40.39 50.47
43.30 50.60
46.17 50.73
50.08 50.88
52.42 51.02
54.73 51.17
57.97 51.33
59.93 51.49
61.91 51.66
63.67 51.83
66.15 52.00
67.65 52.19
69.04 52.37
70.27 52.55
72.01 52.74
73.10 52.93
74.13 53.11
75.19 53.30
75.12 53.49
74.67 53.67
74.15 53.85
73.11 54.02
72.24 54.20
71.30 54.37
69.68 54.54
68.52 54.71
67.26 54.88
65.95 55.05
64.02 55.22
62.49 55.39
60.83 55.56
58.65 55.72
57.13 55.88
55.59 56.04
53.99 56.18
51.50 56.32
50.10 56.46
48.90 56.58
47.87 56.69
46.61 56.79
45.28 56.87
44.82 56.93
43.51 56.98
42.65 57.01
41.84 57.01
40.68 56.98
39.81 56.92
38.84 56.84
37.75 56.70
36.22 56.52
35.26 56.25
34.50 55.88
33.87 55.40
33.27 54.84
33.11 54.23
33.12 53.55
33.24 52.86
33.39 52.18
33.45 51.51
33.40 50.86
33.05 50.23
32.50 49.62
31.78 49.03
30.50 48.45
29.58 47.90
28.63 47.35
27.72 46.82
26.57 46.30
25.93 45.78
25.28 45.28
24.67 44.78
23.88 44.29
23.48 43.81
23.23 43.35
23.10 42.89
23.10 42.45
23.10 42.02
23.02 41.61
22.63 41.22
22.13 40.86
21.38 40.53
20.43 40.25
18.61 40.01
17.23 39.80
15.76 39.64
13.62 39.50
12.65 39.39
12.15 39.30
12.35 39.23
14.16 39.19
16.21 39.17
18.43 39.17
21.70 39.21
23.73 39.27
25.84 39.35
28.31 39.46
32.90 39.59
36.80 39.75
41.12 39.92
45.52 40.12
51.75 40.33
55.42 40.55
58.57 40.78
62.02 41.02
63.45 41.27
64.17 41.52
64.32 41.78
63.45 42.04
62.45 42.29
61.26 42.55
59.02 42.80
57.41 43.04
55.69 43.29
53.92 43.53
51.04 43.77
48.91 44.01
46.59 44.25
44.12 44.48
40.26 44.71
37.60 44.93
34.64 45.15
29.79 45.37
26.66 45.57
24.51 45.77
24.29 45.96
28.07 46.14
32.15 46.31
36.60 46.47
42.91 46.62
46.49 46.76
49.48 46.89
52.92 47.01
54.57 47.13
55.82 47.24
56.80 47.35
57.79 47.45
58.09 47.55
58.14 47.65
57.81 47.75
56.72 47.86
55.80 47.96
54.64 48.06
53.35 48.16
51.28 48.26
49.88 48.36
48.52 48.46
46.61 48.55
45.35 48.64
44.07 48.72
42.75 48.80
40.59 48.88
38.95 48.95
37.14 49.02
34.04 49.08
31.73 49.14
29.28 49.20
26.77 49.25
23.14 49.31
20.99 49.36
19.26 49.41
18.50 49.47
19.32 49.52
20.94 49.58
23.04 49.63
26.61 49.69
29.09 49.75
31.50 49.81
33.72 49.86
36.38 49.93
37.19 50.00
37.33 50.07
36.17 50.13
36.01 50.19
36.88 50.25
38.67 50.30
42.39 50.35
44.78 50.40
47.46 50.45
48.10 50.50
49.41 50.54
49.96 50.59
50.40 50.64
51.03 50.69
51.45 50.74
52.00 50.79
52.65 50.84
53.76 50.89
54.59 50.95
55.43 51.00
56.69 51.05
57.46 51.10
58.18 51.14
58.81 51.19
59.65 51.22
60.09 51.26
60.49 51.30
61.11 51.33
61.56 51.35
62.06 51.38
62.56 51.40
63.19 51.41
63.58 51.42
64.07 51.43
64.74 51.43
66.08 51.43
67.15 51.43
68.32 51.41
70.30 51.39
71.71 51.37
73.13 51.33
74.48 51.29
76.47 51.24
77.79 51.18
79.06 51.12
80.92 51.04
82.16 50.97
83.34 50.89
84.45 50.82
85.88 50.74
86.63 50.68
87.15 50.62
87.48 50.58
87.55 50.56
87.42 50.54
87.18 50.55
86.67 50.58
86.20 50.62
85.61 50.66
84.90 50.70
83.73 50.75
82.88 50.78
81.99 50.80
80.64 50.80
79.91 50.78
79.57 50.75
79.54 50.69
79.67 50.61
79.77 50.52
79.93 50.43
80.02 50.33
80.02 50.23
79.99 50.14
79.95 50.04
80.01 49.96
80.41 49.87
81.16 49.80
82.08 49.73
83.51 49.66
84.17 49.60
84.35 49.54
83.91 49.49
83.52 49.45
83.34 49.40
83.55 49.36
84.77 49.32
86.11 49.29
87.79 49.27
90.31 49.25
91.81 49.24
92.94 49.23
93.54 49.24
93.40 49.24
92.74 49.25
91.83 49.26
90.64 49.28
88.67 49.29
87.23 49.31
84.97 49.32
83.40 49.34
81.91 49.36
80.49 49.37
78.40 49.39
77.19 49.40
76.24 49.41
75.58 49.42
75.01 49.41
75.00 49.40
75.21 49.39
75.61 49.36
76.41 49.33
77.34 49.30
78.30 49.26
79.18 49.21
80.08 49.17
80.24 49.12
80.01 49.07
79.09 49.03
78.11 48.99
76.88 48.94
75.44 48.90
72.85 48.86
70.92 48.82
68.99 48.78
66.39 48.75
64.94 48.71
63.89 48.67
63.31 48.62
63.35 48.58
63.94 48.52
64.90 48.47
66.94 48.41
68.59 48.34
70.52 48.28
72.68 48.21
76.39 48.15
79.09 48.08
81.87 48.02
84.57 47.95
88.51 47.89
91.13 47.84
93.64 47.78
97.38 47.74
99.97 47.70
104.01 47.66
106.81 47.63
109.58 47.61
113.40 47.59
115.81 47.57
118.04 47.56
121.05 47.56
122.88 47.56
125.46 47.56
126.94 47.57
129.17 47.57
130.62 47.58
132.77 47.60
134.20 47.61
135.63 47.62
137.79 47.63
139.22 47.64
141.52 47.65
143.18 47.67
145.86 47.68
147.69 47.69
150.51 47.70
152.32 47.72
154.98 47.73
156.71 47.75
159.13 47.76
160.75 47.78
162.28 47.80
164.47 47.83
165.76 47.86
167.25 47.89
167.82 47.93
168.12 47.97
168.04 48.01
167.49 48.06
166.82 48.11
166.01 48.16
164.74 48.21
163.89 48.27
163.05 48.32
162.60 48.37
161.71 48.41
160.56 48.45
159.60 48.48
158.58 48.52
157.00 48.55
155.80 48.57
154.53 48.60
152.43 48.62
150.87 48.64
148.30 48.66
146.42 48.67
143.41 48.68
141.28 48.68
138.17 48.66
136.32 48.65
133.73 48.61
131.90 48.57
130.04 48.50
127.28 48.41
125.42 48.29
122.64 48.15
120.79 47.99
118.01 47.80
116.22 47.59
113.58 47.36
111.82 47.11
109.33 46.82
107.73 46.51
106.08 46.17
103.64 45.80
102.04 45.41
99.67 44.99
98.18 44.55
96.71 44.07
94.75 43.57
93.59 43.04
92.57 42.47
91.33 41.89
90.57 41.32
89.82 40.76
89.24 40.19
88.93 39.63
89.12 39.09
89.52 38.65
90.46 38.29
91.27 37.96
92.20 37.67
93.75 37.42
94.81 37.21
95.87 37.03
96.82 36.88
97.70 36.76
98.83 36.66
99.50 36.58
100.07 36.53
100.67 36.49
101.04 36.46
101.70 36.46
102.34 36.48
103.73 36.51
105.15 36.56
106.96 36.63
110.37 36.71
113.27 36.82
118.63 36.94
122.99 37.08
130.32 37.24
135.51 37.41
143.52 37.60
148.93 37.79
156.81 38.00
161.76 38.21
166.39 38.43
172.19 38.65
175.07 38.87
177.45 39.10
178.13 39.32
178.03 39.55
177.43 39.78
176.12 40.02
175.50 40.25
175.17 40.49
174.83 40.73
173.86 40.98
170.82 41.22
168.37 41.47
162.90 41.70
155.87 41.94
150.45 42.16
144.52 42.39
134.72 42.60
126.82 42.80
114.12 43.00
105.62 43.18
97.00 43.36
84.37 43.52
76.55 43.67
69.49 43.80
61.35 43.93
57.50 44.04
54.99 44.15
53.58 44.25
53.11 44.33
53.81 44.41
54.92 44.48
56.42 44.55
59.38 44.61
61.86 44.66
64.57 44.70
68.84 44.74
71.54 44.78
74.12 44.82
76.64 44.85
80.49 44.87
82.94 44.90
85.20 44.93
88.50 44.95
90.57 44.98
92.47 45.01
94.25 45.03
96.81 45.06
98.39 45.09
99.78 45.12
101.76 45.15
103.72 45.18
104.37 45.20
106.55 45.23
108.09 45.25
110.89 45.27
112.99 45.29
116.30 45.31
119.80 45.32
122.29 45.34
124.93 45.35
129.19 45.35
132.18 45.36
135.19 45.36
139.65 45.35
142.44 45.34
146.23 45.34
148.39 45.32
151.05 45.31
152.40 45.29
153.75 45.28
154.24 45.26
154.49 45.25
154.34 45.24
153.86 45.23
152.52 45.22
151.31 45.21
149.22 45.21
147.58 45.21
144.39 45.21
141.88 45.22
138.53 45.23
136.70 45.25
134.53 45.27
133.52 45.30
132.77 45.34
132.11 45.38
131.84 45.43
131.63 45.49
131.55 45.56
131.50 45.64
131.48 45.72
131.35 45.81
131.18 45.90
130.93 46.00
130.73 46.10
130.53 46.21
130.13 46.32
129.70 46.44
128.72 46.56
127.25 46.68
126.01 46.80
124.63 46.93
122.44 47.05
121.03 47.17
119.20 47.29
118.17 47.40
117.30 47.51
116.40 47.62
116.01 47.72
115.74 47.81
115.76 47.90
116.16 47.98
116.67 48.03
117.76 48.05
118.73 48.03
120.45 47.95
121.73 47.84
123.08 47.68
125.25 47.51
126.77 47.33
129.05 47.16
130.43 47.02
132.13 46.91
132.97 46.82
133.89 46.78
134.31 46.76
134.57 46.79
134.52 46.84
134.38 46.91
133.91 47.00
133.39 47.12
132.43 47.25
131.63 47.39
130.04 47.54
128.73 47.70
126.26 47.85
124.25 48.00
120.72 48.13
118.14 48.25
115.37 48.37
110.56 48.51
106.90 48.67
101.19 48.85
97.50 49.04
92.23 49.21
88.89 49.38
85.76 49.53
82.83 49.67
79.04 49.78
77.02 49.88
75.37 49.95
73.38 50.01
72.39 50.04
71.51 50.06
70.83 50.06
70.23 50.03
70.05 50.00
70.39 49.95
71.08 49.88
71.41 49.80
71.40 49.72
71.11 49.62
70.83 49.52
70.62 49.41
70.17 49.30
69.95 49.19
69.33 49.09
68.84 48.98
68.15 48.87
66.42 48.77
65.02 48.68
63.49 48.59
61.62 48.51
58.62 48.44
56.66 48.38
54.63 48.33
52.54 48.29
49.93 48.25
48.66 48.23
47.51 48.21
46.36 48.20
46.02 48.20
46.00 48.20
46.35 48.20
47.18 48.21
48.06 48.21
49.18 48.22
51.28 48.23
53.01 48.24
54.97 48.24
58.54 48.25
61.58 48.25
65.12 48.25
68.96 48.24
75.24 48.23
79.70 48.22
84.32 48.20
88.94 48.19
95.73 48.17
100.07 48.15
104.27 48.13
110.22 48.11
113.78 48.09
118.56 48.07
121.41 48.06
125.34 48.05
127.79 48.04
131.34 48.03
133.68 48.03
135.98 48.03
139.25 48.03
141.32 48.04
144.21 48.05
145.91 48.06
148.22 48.08
149.55 48.09
151.18 48.11
152.15 48.13
153.39 48.16
153.98 48.19
154.48 48.22
155.12 48.25
155.45 48.29
155.81 48.33
155.95 48.37
155.94 48.42
155.84 48.47
155.58 48.51
155.28 48.56
154.63 48.62
154.01 48.67
153.34 48.72
152.25 48.78
151.11 48.84
150.29 48.90
149.31 48.96
147.73 49.02
146.60 49.08
144.65 49.13
143.23 49.19
140.89 49.24
139.30 49.30
137.54 49.35
134.83 49.41
132.90 49.46
129.95 49.51
127.99 49.56
125.10 49.61
123.20 49.67
120.47 49.73
118.74 49.78
116.13 49.85
114.39 49.91
112.63 49.99
109.98 50.06
108.31 50.14
105.97 50.22
104.48 50.30
102.37 50.39
101.07 50.48
99.23 50.57
98.05 50.66
96.92 50.75
95.80 50.85
94.20 50.95
93.21 51.05
92.29 51.15
91.15 51.26
90.50 51.37
89.85 51.48
89.18 51.58
88.11 51.68
87.32 51.77
86.06 51.84
85.14 51.89
84.19 51.92
83.24 51.93
82.22 51.90
80.65 51.83
79.58 51.74
78.47 51.58
77.34 51.39
75.45 51.17
73.99 50.93
72.40 50.62
69.92 50.29
68.19 49.95
66.28 49.59
64.29 49.19
61.39 48.77
59.45 48.33
57.65 47.85
55.16 47.34
53.68 46.80
52.31 46.23
51.08 45.62
49.43 44.99
48.49 44.35
47.69 43.71
47.08 43.07
46.57 42.44
46.41 41.81
46.41 41.21
46.78 40.64
47.14 40.11
47.56 39.65
48.00 39.31
48.81 39.05
49.39 38.86
49.99 38.72
50.72 38.62
51.08 38.54
51.33 38.47
51.47 38.41
51.53 38.36
51.52 38.32
51.50 38.30
51.41 38.28
51.32 38.27
51.39 38.28
51.68 38.30
52.39 38.33
53.05 38.37
53.79 38.43
54.90 38.50
55.71 38.58
56.54 38.67
57.43 38.77
58.91 38.89
60.01 39.01
61.16 39.13
62.36 39.27
64.14 39.42
65.35 39.57
66.56 39.73
68.21 39.90
69.32 40.07
70.94 40.25
72.30 40.43
72.42 40.62
71.34 40.80
69.28 40.99
66.32 41.17
60.40 41.34
55.74 41.51
50.84 41.68
44.09 41.83
40.15 41.98
36.49 42.12
33.33 42.26
29.30 42.39
27.24 42.52
25.62 42.64
24.17 42.75
23.87 42.86
24.09 42.97
24.76 43.07
26.51 43.18
27.99 43.28
29.42 43.38
30.67 43.49
31.86 43.59
32.17 43.70
32.02 43.81
31.15 43.92
30.23 44.03
29.04 44.14
26.90 44.24
25.25 44.35
23.42 44.45
21.44 44.55
18.31 44.64
16.21 44.73
14.21 44.82
12.50 44.90
12.15 44.98
12.95 45.05
14.54 45.12
17.88 45.19
20.46 45.25
23.14 45.30
25.82 45.35
29.86 45.40
32.36 45.45
34.66 45.49
36.71 45.53
39.26 45.56
40.61 45.60
41.68 45.63
42.84 45.66
43.37 45.69
43.72 45.72
43.99 45.75
44.13 45.78
44.05 45.81
43.79 45.84
43.25 45.86
42.83 45.88
42.45 45.91
42.12 45.93
41.80 45.94
41.66 45.95
41.57 45.97
41.57 45.98
41.75 45.98
42.01 45.99
42.40 45.99
43.49 45.99
44.58 45.99
46.77 46.00
47.61 46.00
50.59 46.01
52.83 46.03
55.23 46.05
59.12 46.08
61.86 46.11
64.71 46.15
67.69 46.19
72.46 46.25
75.64 46.31
78.55 46.38
81.00 46.46
83.89 46.55
85.53 46.64
87.07 46.75
89.25 46.86
90.58 46.98
91.79 47.11
92.86 47.24
94.34 47.37
95.16 47.50
95.83 47.63
96.56 47.75
96.81 47.87
96.87 47.98
96.75 48.06
96.03 48.13
95.09 48.18
93.77 48.18
91.31 48.17
89.44 48.12
87.37 48.05
85.06 47.93
81.24 47.78
78.26 47.60
75.05 47.38
71.83 47.12
67.19 46.84
64.17 46.52
61.16 46.16
56.95 45.78
54.55 45.37
52.42 44.94
50.54 44.49
48.16 44.02
46.88 43.53
45.80 43.02
44.26 42.51
43.24 41.99
42.22 41.46
41.22 40.94
39.73 40.41
38.61 39.88
37.30 39.34
35.73 38.79
32.88 38.24
30.69 37.67
28.30 37.09
24.56 36.50
22.11 35.90
19.85 35.32
17.99 34.78
16.36 34.29
16.27 33.89
17.00 33.69
19.47 33.59
21.90 33.56
24.69 33.56
27.75 33.59
32.38 33.62
35.40 33.66
38.30 33.71
41.06 33.76
45.24 33.81
48.26 33.86
51.54 33.91
56.72 33.96
60.13 34.01
63.32 34.08
66.11 34.16
69.75 34.26
71.98 34.37
74.02 34.49
76.59 34.63
78.23 34.77
79.93 34.93
82.01 35.10
86.00 35.28
88.81 35.47
91.19 35.68
93.55 35.90
94.77 36.13
96.11 36.36
99.04 36.61
101.17 36.87
103.03 37.13
104.31 37.40
104.52 37.68
104.58 37.95
104.28 38.23
104.61 38.51
104.35 38.78
104.15 39.05
104.58 39.31
104.90 39.56
105.91 39.81
106.81 40.05
107.02 40.28
106.16 40.50
104.90 40.72
103.69 40.93
103.91 41.13
102.84 41.34
101.14 41.54
98.99 41.74
98.34 41.93
98.24 42.12
97.59 42.32
96.96 42.51
95.90 42.71
94.18 42.91
90.87 43.10
88.07 43.30
84.57 43.50
80.50 43.70
73.96 43.89
69.54 44.09
64.88 44.29
57.50 44.50
52.69 44.70
48.09 44.91
43.71 45.12
37.81 45.33
34.42 45.54
30.57 45.75
28.94 45.95
27.82 46.16
27.11 46.35
27.07 46.55
27.87 46.73
28.89 46.90
30.48 47.07
32.56 47.23
36.25 47.37
39.12 47.51
42.33 47.63
47.94 47.74
51.85 47.84
55.93 47.93
60.14 48.01
66.60 48.07
70.99 48.13
75.34 48.18
81.95 48.22
86.20 48.25
90.13 48.28
93.82 48.31
98.72 48.34
101.60 48.36
104.27 48.38
107.88 48.40
109.99 48.42
112.72 48.44
114.24 48.47
115.98 48.50
116.74 48.53
117.47 48.57
117.63 48.62
117.76 48.68
118.34 48.75
118.77 48.83
118.44 48.91
117.34 49.01
114.19 49.11
111.25 49.23
106.35 49.34
103.09 49.46
99.10 49.53
97.28 49.53
96.21 49.49
95.88 49.36
96.70 49.17
97.83 48.93
99.24 48.65
101.90 48.34
103.84 48.01
105.74 47.66
108.43 47.29
110.18 46.88
112.41 46.46
113.52 46.00
114.66 45.52
115.11 45.02
115.21 44.48
114.98 43.92
114.23 43.34
113.37 42.74
112.36 42.13
110.92 41.52
110.14 40.89
109.58 40.26
109.72 39.63
110.33 39.01
110.86 38.39
111.71 37.81
112.22 37.24
112.52 36.72
112.57 36.23
112.19 35.82
110.98 35.46
109.91 35.18
108.25 34.96
107.12 34.80
104.91 34.69
103.07 34.61
99.83 34.57
97.42 34.56
94.85 34.56
92.22 34.58
88.07 34.61
85.09 34.66
80.55 34.72
77.74 34.79
75.20 34.87
73.15 34.96
71.69 35.06
70.66 35.16
70.79 35.28
71.65 35.40
73.00 35.53
75.94 35.66
78.47 35.80
81.33 35.95
85.81 36.09
88.89 36.25
92.05 36.40
95.24 36.56
99.90 36.72
102.89 36.89
105.71 37.05
109.24 37.23
111.16 37.40
113.14 37.58
114.05 37.76
114.62 37.94
114.89 38.13
114.69 38.31
113.35 38.50
109.92 38.69
106.71 38.88
102.85 39.06
95.79 39.24
90.27 39.42
84.37 39.60
74.76 39.76
68.10 39.93
61.49 40.09
52.19 40.24
46.48 40.38
41.35 40.52
36.89 40.66
31.52 40.79
28.85 40.91
26.83 41.02
25.59 41.13
25.08 41.23
25.61 41.33
26.57 41.42
28.52 41.50
29.92 41.57
31.34 41.64
32.77 41.70
34.98 41.76
36.46 41.82
37.94 41.87
40.22 41.92
41.79 41.96
43.47 42.01
45.23 42.06
48.00 42.10
49.85 42.15
51.59 42.19
53.25 42.24
55.50 42.28
56.83 42.32
58.03 42.36
59.65 42.40
60.56 42.44
61.32 42.48
61.91 42.51
62.87 42.55
63.59 42.59
64.36 42.63
65.49 42.68
66.23 42.73
67.01 42.78
67.81 42.84
69.03 42.91
69.92 42.98
70.82 43.05
71.82 43.14
73.17 43.23
73.76 43.32
74.21 43.42
74.66 43.53
74.69 43.65
74.58 43.76
74.42 43.89
73.96 44.02
73.68 44.15
73.43 44.29
73.14 44.44
73.11 44.59
73.26 44.74
73.41 44.89
73.42 45.05
73.43 45.21
73.64 45.37
74.51 45.53
75.30 45.69
76.29 45.85
77.44 46.00
79.38 46.15
80.68 46.30
81.91 46.45
83.04 46.60
84.66 46.74
85.47 46.88
86.03 47.02
86.54 47.17
86.54 47.31
86.26 47.45
85.69 47.59
84.39 47.73
83.17 47.87
81.79 48.01
80.19 48.14
77.23 48.27
74.81 48.40
72.18 48.48
68.22 48.50
65.65 48.45
63.01 48.28
60.35 47.93
56.39 47.48
53.68 46.97
50.96 46.41
47.03 45.83
44.45 45.25
41.94 44.65
39.65 44.06
36.46 43.46
34.42 42.86
32.46 42.27
29.77 41.68
28.20 41.09
26.19 40.50
25.65 39.91
24.58 39.32
24.22 38.73
24.02 38.13
24.10 37.53
24.41 36.92
24.84 36.30
25.21 35.68
25.52 35.05
25.53 34.43
25.41 33.81
25.09 33.21
24.30 32.61
23.51 32.04
22.56 31.51
21.22 31.03
20.47 30.64
20.04 30.34
20.00 30.21
20.46 30.16
20.96 30.17
21.62 30.22
22.45 30.28
23.94 30.34
25.05 30.41
26.13 30.49
27.64 30.57
28.63 30.66
29.80 30.76
31.28 30.85
34.20 30.95
36.45 31.04
38.96 31.12
42.91 31.18
45.56 31.25
48.01 31.30
50.01 31.35
51.85 31.39
52.37 31.44
52.43 31.50
52.13 31.58
50.90 31.68
49.51 31.81
47.57 31.96
45.28 32.15
45.79 32.33
48.33 32.51
51.81 32.69
56.57 32.86
58.53 33.02
60.39 33.17
64.63 33.31
67.74 33.44
69.39 33.56
69.71 33.67
68.85 33.78
67.45 33.88
65.70 33.98
64.30 34.07
63.00 34.17
63.40 34.25
64.60 34.34
66.86 34.42
68.35 34.49
69.38 34.56
70.05 34.63
70.55 34.69
70.78 34.74
71.06 34.80
70.15 34.85
69.00 34.90
67.35 34.96
65.43 35.02
62.48 35.08
60.07 35.15
57.03 35.23
53.62 35.31
48.10 35.41
44.34 35.51
40.62 35.63
35.47 35.76
32.50 35.90
30.08 36.05
28.29 36.21
26.89 36.38
26.70 36.56
26.89 36.75
28.09 36.95
29.76 37.15
31.95 37.36
35.66 37.58
38.26 37.80
40.83 38.03
43.30 38.26
46.73 38.48
48.87 38.71
51.05 38.94
53.23 39.18
56.30 39.41
58.18 39.64
60.05 39.87
61.82 40.11
64.16 40.34
65.57 40.57
66.74 40.80
68.34 41.03
69.32 41.26
70.22 41.49
71.02 41.72
71.99 41.95
72.44 42.17
72.72 42.40
72.82 42.62
72.54 42.83
72.02 43.05
71.23 43.27
69.77 43.48
68.61 43.69
67.34 43.91
65.84 44.12
63.26 44.33
61.44 44.55
59.67 44.76
57.11 44.96
55.49 45.17
53.99 45.37
52.64 45.56
50.74 45.74
49.54 45.92
48.24 46.09
46.99 46.26
45.14 46.41
43.97 46.55
42.84 46.67
41.17 46.78
40.13 46.87
39.12 46.95
38.17 47.02
36.86 47.09
36.02 47.15
35.20 47.21
33.98 47.25
33.19 47.28
32.40 47.32
31.64 47.34
30.72 47.37
30.25 47.41
29.88 47.46
29.47 47.51
28.82 47.57
28.26 47.63
27.67 47.70
26.78 47.75
26.26 47.81
25.84 47.86
25.57 47.91
25.31 47.95
25.21 47.99
25.21 48.03
25.54 48.06
25.90 48.09
26.31 48.11
26.78 48.14
27.54 48.16
28.00 48.18
28.38 48.20
28.77 48.22
28.96 48.24
29.09 48.27
29.14 48.31
29.05 48.34
28.87 48.38
28.70 48.43
28.52 48.48
28.30 48.53
28.19 48.58
28.14 48.64
28.08 48.70
28.02 48.76
27.91 48.82
27.69 48.88
27.08 48.95
26.52 49.02
25.83 49.10
24.62 49.19
23.71 49.28
22.80 49.37
21.85 49.48
20.56 49.59
19.77 49.71
18.98 49.84
18.20 49.96
16.95 50.10
15.99 50.23
14.90 50.36
13.16 50.48
12.13 50.60
11.62 50.72
12.07 50.82
14.28 50.92
16.42 51.01
18.87 51.09
21.95 51.17
23.55 51.25
24.80 51.33
25.85 51.41
27.16 51.48
27.99 51.55
28.98 51.62
30.03 51.69
31.80 51.76
33.17 51.82
34.56 51.88
36.12 51.93
36.58 51.99
36.53 52.04
36.26 52.08
36.27 52.12
36.38 52.16
36.40 52.20
36.34 52.23
36.28 52.27
36.28 52.31
36.35 52.34
36.84 52.38
37.46 52.41
38.87 52.45
39.42 52.49
41.13 52.53
42.08 52.57
42.83 52.61
43.56 52.65
43.86 52.70
43.99 52.75
43.96 52.81
43.73 52.87
43.48 52.94
43.09 53.02
42.54 53.10
42.11 53.19
41.64 53.28
41.22 53.38
40.89 53.49
40.93 53.60
41.23 53.71
41.75 53.82
42.75 53.94
43.43 54.06
43.99 54.18
44.49 54.30
44.57 54.42
44.65 54.54
44.76 54.66
44.92 54.78
44.78 54.89
44.29 55.00
42.91 55.11
41.63 55.22
40.09 55.32
38.32 55.42
35.41 55.52
33.44 55.61
31.55 55.70
29.87 55.78
27.81 55.86
26.65 55.93
25.58 56.01
24.15 56.07
23.34 56.14
22.69 56.20
22.39 56.26
22.57 56.31
22.95 56.36
23.45 56.40
24.40 56.45
25.10 56.48
25.88 56.52
26.69 56.55
27.93 56.58
28.76 56.61
29.51 56.63
30.51 56.65
31.15 56.66
31.81 56.67
32.47 56.67
33.47 56.67
34.10 56.67
34.66 56.66
35.15 56.64
35.76 56.62
36.11 56.59
36.33 56.56
36.50 56.53
36.45 56.50
36.31 56.46
36.08 56.42
35.56 56.39
35.08 56.35
34.50 56.32
33.41 56.29
32.57 56.26
31.67 56.24
30.76 56.22
29.36 56.21
28.41 56.19
27.49 56.18
26.58 56.18
25.33 56.18
24.47 56.18
23.66 56.19
22.44 56.20
21.64 56.22
20.78 56.24
19.91 56.26
18.54 56.29
17.63 56.31
16.78 56.34
15.65 56.36
15.12 56.39
14.79 56.41
14.63 56.43
14.78 56.45
15.22 56.46
15.90 56.46
16.76 56.46
18.31 56.45
19.51 56.43
20.80 56.40
22.81 56.36
24.17 56.32
25.51 56.28
26.86 56.24
28.81 56.20
30.10 56.17
31.37 56.15
33.12 56.14
34.09 56.14
34.88 56.15
35.49 56.17
35.96 56.20
35.95 56.24
35.85 56.28
35.68 56.33
35.13 56.39
34.57 56.45
33.84 56.51
32.52 56.58
31.49 56.65
30.42 56.72
29.51 56.80
27.85 56.87
26.30 56.94
24.64 57.01
22.70 57.08
22.34 57.14
22.33 57.20
22.54 57.26
23.06 57.31
23.79 57.36
24.96 57.40
26.06 57.44
27.42 57.47
28.66 57.50
29.07 57.53
29.54 57.55
29.34 57.57
28.83 57.59
27.83 57.60
25.63 57.61
24.14 57.62
22.46 57.62
19.58 57.62
17.85 57.62
16.66 57.61
16.21 57.60
17.48 57.59
19.14 57.58
21.16 57.56
23.41 57.54
27.01 57.52
29.51 57.50
32.01 57.47
35.66 57.45
38.02 57.43
40.40 57.41
42.84 57.39
46.65 57.38
49.17 57.36
51.65 57.35
55.36 57.35
57.92 57.34
60.57 57.34
63.34 57.34
67.51 57.35
70.13 57.36
72.53 57.37
74.65 57.38
77.38 57.40
78.94 57.42
80.38 57.45
82.40 57.48
83.58 57.51
84.65 57.55
85.61 57.59
86.73 57.63
87.35 57.67
87.92 57.72
88.93 57.77
89.64 57.83
90.35 57.88
91.05 57.94
91.99 58.00
92.52 58.07
93.15 58.14
93.85 58.21
95.37 58.28
96.68 58.36
97.97 58.43
99.73 58.51
100.80 58.58
101.81 58.66
103.01 58.74
103.38 58.82
103.54 58.90
103.51 58.98
102.79 59.06
101.80 59.14
100.65 59.21
98.82 59.28
97.42 59.34
95.01 59.40
93.22 59.45
91.41 59.51
89.61 59.56
87.05 59.60
85.46 59.65
83.86 59.69
82.23 59.73
79.88 59.77
78.33 59.81
76.83 59.84
74.57 59.88
73.06 59.91
71.61 59.94
70.20 59.98
68.08 60.01
66.56 60.05
64.76 60.08
62.25 60.12
60.88 60.17
59.74 60.21
58.64 60.26
57.01 60.32
55.84 60.37
54.55 60.43
53.16 60.50
50.88 60.56
49.14 60.63
47.24 60.70
44.25 60.76
42.17 60.83
40.04 60.89
37.90 60.95
34.65 61.01
32.62 61.06
30.74 61.10
28.19 61.14
26.58 61.17
25.14 61.20
23.87 61.23
22.32 61.25
21.55 61.27
20.98 61.28
20.60 61.29
20.28 61.30
20.15 61.31
20.05 61.32
19.94 61.33
19.82 61.33
19.72 61.34
19.63 61.35
19.61 61.36
19.73 61.37
19.92 61.38
20.11 61.40
20.20 61.41
20.20 61.42
20.14 61.44
19.90 61.46
19.67 61.48
19.37 61.50
19.00 61.52
18.43 61.54
18.11 61.56
17.88 61.59
17.70 61.62
17.69 61.64
17.74 61.67
17.99 61.70
18.31 61.73
18.75 61.76
19.28 61.79
20.16 61.82
20.78 61.85
21.45 61.88
22.21 61.91
23.39 61.95
24.24 61.98
25.12 62.01
26.01 62.04
27.31 62.07
28.13 62.10
28.90 62.13
29.98 62.16
30.68 62.18
31.36 62.21
31.99 62.24
32.88 62.26
33.44 62.29
33.91 62.31
34.61 62.34
35.08 62.36
35.60 62.39
36.15 62.42
37.11 62.45
37.76 62.48
38.41 62.50
38.97 62.53
39.81 62.57
40.39 62.60
40.92 62.63
41.57 62.67
42.00 62.70
42.45 62.74
42.85 62.77
43.38 62.81
43.70 62.85
44.00 62.89
44.41 62.93
44.63 62.97
44.83 63.01
44.95 63.05
45.09 63.09
45.18 63.13
45.25 63.17
45.27 63.22
45.18 63.26
45.07 63.30
44.94 63.35
44.69 63.40
44.45 63.45
44.20 63.49
43.93 63.54
43.50 63.59
43.20 63.64
42.82 63.69
42.18 63.75
41.75 63.80
41.24 63.85
40.63 63.90
39.71 63.95
39.04 64.00
38.31 64.05
37.57 64.10
36.48 64.14
35.72 64.19
34.90 64.24
33.56 64.28
32.55 64.32
31.54 64.36
30.49 64.40
28.97 64.44
27.93 64.47
26.85 64.49
25.15 64.52
24.02 64.54
22.90 64.56
21.80 64.58
20.13 64.59
19.08 64.61
18.09 64.62
17.15 64.64
15.81 64.65
14.95 64.66
14.11 64.68
12.96 64.69
12.22 64.70
11.50 64.72
10.57 64.74
10.05 64.76
9.59 64.78
9.21 64.81
8.96 64.84
8.81 64.87
9.05 64.90
9.48 64.93
10.46 64.97
11.25 65.01
12.18 65.05
13.20 65.09
14.82 65.14
15.92 65.18
17.05 65.23
18.73 65.28
19.81 65.33
20.83 65.38
21.78 65.43
23.11 65.47
23.88 65.52
24.58 65.57
25.16 65.61
25.87 65.65
26.21 65.69
26.45 65.73
26.62 65.76
26.61 65.79
26.52 65.82
26.34 65.84
25.99 65.87
25.73 65.89
25.51 65.90
25.17 65.92
24.94 65.93
24.66 65.95
24.36 65.96
23.88 65.97
23.57 65.98
23.27 65.99
22.89 66.00
22.66 66.00
22.50 66.01
22.36 66.02
22.16 66.02
22.08 66.03
21.97 66.03
21.94 66.04
21.91 66.04
21.86 66.05
21.82 66.06
21.71 66.06
21.61 66.07
21.47 66.08
21.32 66.08
21.02 66.09
20.77 66.10
20.51 66.12
20.24 66.13
19.82 66.14
19.53 66.16
19.22 66.18
18.71 66.20
18.32 66.22
17.93 66.24
17.48 66.26
16.80 66.28
16.31 66.30
15.78 66.33
14.96 66.35
14.41 66.37
13.86 66.40
13.33 66.42
12.64 66.44
12.27 66.46
11.93 66.49
11.63 66.51
11.34 66.52
11.19 66.54
11.13 66.56
11.19 66.57
11.30 66.58
11.39 66.60
11.47 66.61
11.63 66.61
11.74 66.62
11.86 66.63
12.02 66.64
12.07 66.65
12.08 66.65
12.04 66.66
11.90 66.68
11.71 66.69
11.46 66.70
11.15 66.72
10.53 66.74
10.06 66.77
9.56 66.79
9.14 66.82
8.76 66.86
8.69 66.90
8.71 66.94
8.84 66.98
9.09 67.03
9.42 67.07
9.82 67.13
10.22 67.18
10.82 67.24
11.22 67.30
11.59 67.36
11.92 67.42
12.40 67.48
12.70 67.55
12.93 67.61
13.06 67.67
13.12 67.73
13.04 67.79
12.90 67.85
12.60 67.91
12.35 67.96
12.05 68.01
11.70 68.06
11.10 68.11
10.68 68.15
10.28 68.19
9.97 68.23
9.98 68.27
10.19 68.30
10.59 68.33
11.16 68.36
12.28 68.39
13.14 68.42
14.10 68.44
15.11 68.47
16.64 68.49
17.63 68.52
18.56 68.54
19.82 68.57
20.59 68.59
21.33 68.62
22.09 68.64
23.09 68.67
23.72 68.69
24.31 68.72
24.93 68.74
25.87 68.77
26.52 68.79
27.17 68.82
28.06 68.84
28.55 68.86
28.98 68.88
29.47 68.90
30.23 68.92
30.68 68.93
31.06 68.95
31.77 68.96
32.58 68.97
33.35 68.98
33.89 68.98
34.28 68.99
34.30 68.99
34.21 69.00
34.08 69.00
33.81 69.00
33.50 69.00
33.09 68.99
32.33 68.98
32.12 68.97
32.05 68.95
32.01 68.93
31.73 68.91
31.61 68.88
31.43 68.86
31.12 68.82
31.06 68.79
30.98 68.75
30.75 68.71
30.58 68.67
30.52 68.62
30.41 68.57
30.27 68.52
30.10 68.47
30.01 68.42
30.05 68.36
30.02 68.30
29.87 68.24
29.73 68.17
29.56 68.11
29.55 68.04
29.63 67.97
29.63 67.90
29.75 67.83
29.86 67.76
30.05 67.69
30.29 67.61
30.71 67.54
31.00 67.47
31.36 67.39
31.78 67.32
32.46 67.24
32.83 67.17
33.12 67.09
33.26 67.02
33.23 66.94
33.09 66.86
32.95 66.79
32.84 66.71
32.66 66.64
32.38 66.57
31.83 66.50
31.50 66.44
31.20 66.37
30.84 66.31
30.35 66.26
29.95 66.20
29.53 66.15
29.08 66.11
28.41 66.06
27.95 66.02
27.37 65.99
26.48 65.96
25.83 65.94
24.94 65.92
24.01 65.91
23.04 65.90
22.42 65.90
21.78 65.91
21.13 65.93
20.86 65.96
20.49 65.99
20.49 66.03
20.40 66.08
20.31 66.14
20.69 66.20
20.90 66.27
21.34 66.34
22.04 66.43
22.45 66.51
23.23 66.61
24.14 66.71
24.83 66.81
26.13 66.92
26.93 67.03
27.61 67.14
28.29 67.25
29.12 67.37
29.60 67.49
30.09 67.61
30.38 67.72
30.69 67.84
30.69 67.96
30.49 68.08
30.14 68.19
29.61 68.31
29.14 68.42
28.58 68.52
27.47 68.63
26.57 68.72
25.52 68.81
24.32 68.90
22.62 68.97
21.35 69.05
20.04 69.11
17.95 69.16
16.56 69.21
15.21 69.25
13.93 69.28
11.89 69.31
10.60 69.32
9.46 69.33
8.50 69.33
7.74 69.32
7.19 69.30
7.15 69.27
7.25 69.24
7.53 69.20
8.00 69.16
8.62 69.11
9.34 69.06
10.09 69.00
11.23 68.93
11.96 68.87
12.69 68.80
13.42 68.73
14.45 68.65
15.05 68.57
15.62 68.49
16.16 68.41
16.88 68.33
17.34 68.25
17.77 68.16
18.35 68.08
18.68 67.99
18.98 67.90
19.41 67.82
19.67 67.73
19.91 67.64
20.15 67.56
20.43 67.47
20.61 67.38
20.83 67.30
21.07 67.21
21.44 67.12
21.74 67.04
22.09 66.95
22.49 66.87
23.22 66.78
23.78 66.70
24.39 66.61
25.39 66.53
26.08 66.44
26.83 66.36
27.58 66.28
28.46 66.19
28.99 66.11
29.60 66.03
30.76 65.95
31.62 65.87
32.51 65.79
33.40 65.72
34.80 65.65
35.77 65.58
36.79 65.51
37.87 65.45
39.48 65.39
40.56 65.33
41.56 65.28
42.78 65.24
43.52 65.20
44.27 65.16
45.03 65.14
46.19 65.11
46.98 65.09
47.87 65.08
49.05 65.07
49.67 65.06
50.39 65.06
50.99 65.06
51.85 65.06
52.40 65.07
52.77 65.08
53.12 65.10
53.49 65.11
53.66 65.13
53.82 65.15
53.67 65.17
53.44 65.19
53.38 65.21
53.38 65.23
53.04 65.25
52.75 65.27
52.28 65.28
51.20 65.29
50.34 65.30
49.44 65.30
48.88 65.31
47.79 65.31
47.04 65.30
46.41 65.29
45.64 65.28
44.62 65.26
43.93 65.25
43.30 65.22
42.48 65.20
41.92 65.17
41.66 65.13
41.54 65.10
41.63 65.06
41.67 65.01
41.60 64.97
41.65 64.92
41.79 64.87
42.07 64.83
42.47 64.78
43.14 64.73
43.50 64.69
44.03 64.64
44.41 64.60
44.97 64.55
45.30 64.52
45.71 64.48
46.18 64.45
46.40 64.42
46.51 64.39
46.66 64.36
46.67 64.34
46.59 64.33
46.59 64.32
46.46 64.31
46.29 64.30
46.02 64.30
45.69 64.30
45.19 64.31
44.88 64.32
44.51 64.33
44.03 64.34
43.36 64.36
42.95 64.38
42.56 64.40
41.80 64.42
41.06 64.44
40.10 64.45
39.14 64.47
37.91 64.49
37.32 64.51
36.96 64.53
36.52 64.55
36.15 64.57
35.64 64.58
34.93 64.60
33.78 64.61
33.03 64.62
32.23 64.62
31.38 64.62
30.16 64.62
29.32 64.61
28.42 64.60
27.17 64.59
26.44 64.57
25.75 64.55
25.21 64.53
24.66 64.50
24.43 64.47
24.32 64.44
24.32 64.40
24.43 64.37
24.57 64.33
24.86 64.28
25.07 64.24
25.31 64.19
25.55 64.14
25.95 64.09
26.26 64.04
26.64 63.99
27.10 63.93
27.93 63.88
28.53 63.82
29.19 63.76
29.88 63.70
31.00 63.63
31.80 63.57
32.59 63.50
33.74 63.44
34.45 63.37
35.13 63.30
35.75 63.23
36.57 63.16
37.02 63.09
37.41 63.02
37.86 62.95
38.05 62.88
38.15 62.82
38.24 62.75
38.21 62.68
38.08 62.62
37.95 62.56
37.76 62.50
37.39 62.44
37.12 62.38
36.87 62.33
36.52 62.27
36.34 62.22
36.19 62.17
36.07 62.13
35.90 62.08
35.81 62.04
35.72 61.99
35.62 61.95
35.54 61.91
35.46 61.87
35.38 61.83
35.25 61.79
35.19 61.75
35.12 61.71
35.07 61.67
34.99 61.64
34.84 61.60
34.58 61.57
34.17 61.54
33.96 61.51
33.82 61.48
33.69 61.45
33.45 61.41
33.28 61.38
33.09 61.35
32.98 61.32
32.97 61.29
33.09 61.26
33.32 61.22
33.85 61.19
34.31 61.15
34.80 61.11
35.37 61.07
36.37 61.03
37.10 61.00
37.90 60.96
39.20 60.92
40.02 60.88
40.77 60.85
41.44 60.81
42.20 60.77
42.47 60.74
42.47 60.70
42.23 60.66
41.78 60.63
41.17 60.59
40.47 60.56
39.43 60.52
38.64 60.49
37.84 60.46
37.22 60.44
36.67 60.41
36.66 60.39
36.77 60.37
37.04 60.35
37.27 60.33
37.52 60.32
37.80 60.31
38.26 60.30
38.51 60.29
38.73 60.29
38.96 60.29
39.09 60.30
39.25 60.31
39.46 60.32
39.90 60.34
40.18 60.36
40.42 60.38
40.63 60.41
40.98 60.45
41.28 60.49
41.62 60.54
42.28 60.59
42.77 60.65
43.29 60.72
43.82 60.79
44.54 60.87
44.99 60.96
45.41 61.05
45.88 61.16
46.10 61.27
46.23 61.38
46.32 61.50
46.25 61.63
46.13 61.76
45.93 61.90
45.64 62.05
45.03 62.20
44.55 62.35
44.01 62.51
43.10 62.68
42.43 62.84
41.76 63.01
41.07 63.19
40.03 63.37
39.32 63.55
38.63 63.73
37.68 63.92
37.09 64.10
36.59 64.29
36.12 64.48
35.58 64.67
35.34 64.85
35.20 65.04
35.19 65.22
35.42 65.41
35.68 65.59
36.00 65.77
36.60 65.94
37.06 66.12
37.53 66.29
38.08 66.45
38.91 66.61
39.46 66.77
40.03 66.92
40.87 67.07
41.42 67.21
41.94 67.35
42.45 67.48
43.14 67.61
43.60 67.73
44.02 67.85
44.60 67.97
44.99 68.08
45.40 68.18
45.85 68.28
46.58 68.38
47.07 68.47
47.60 68.56
48.14 68.65
48.94 68.73
49.43 68.82
49.91 68.90
50.53 68.98
50.94 69.07
51.31 69.15
51.86 69.23
52.24 69.31
52.62 69.39
53.00 69.48
53.36 69.57
53.90 69.65
54.27 69.74
54.65 69.83
55.22 69.93
55.60 70.02
55.99 70.12
56.41 70.22
57.11 70.32
57.62 70.42
58.17 70.52
59.00 70.63
59.56 70.73
60.11 70.84
60.65 70.94
61.40 71.04
61.91 71.15
62.38 71.25
62.83 71.35
63.44 71.44
63.82 71.54
64.15 71.63
64.62 71.72
64.88 71.80
65.14 71.88
65.38 71.96
65.76 72.03
65.98 72.10
66.18 72.17
66.49 72.23
66.69 72.28
66.87 72.34
67.04 72.39
67.26 72.44
67.34 72.48
67.38 72.53
67.37 72.57
67.23 72.61
66.90 72.65
66.76 72.69
66.22 72.72
65.79 72.76
65.29 72.80
64.75 72.83
63.83 72.87
63.21 72.91
62.56 72.95
61.52 72.99
60.83 73.03
60.15 73.07
59.45 73.11
58.39 73.16
57.68 73.20
56.95 73.25
55.81 73.30
55.04 73.35
54.28 73.40
53.49 73.45
52.30 73.50
51.52 73.56
50.72 73.61
49.93 73.67
48.75 73.72
47.97 73.78
47.19 73.83
46.04 73.88
45.26 73.93
44.56 73.98
43.85 74.03
42.75 74.07
42.10 74.11
41.42 74.15
40.36 74.18
39.79 74.22
39.19 74.25
38.58 74.27
37.79 74.30
37.25 74.32
36.66 74.34
36.16 74.36
35.33 74.37
34.69 74.38
34.23 74.39
33.70 74.40
33.35 74.40
33.19 74.40
33.08 74.40
32.71 74.40
32.64 74.40
32.62 74.40
32.46 74.39
32.61 74.39
32.77 74.38
32.90 74.38
33.10 74.37
33.37 74.36
33.56 74.35
33.83 74.34
34.44 74.33
34.76 74.32
35.11 74.31
35.72 74.30
36.05 74.30
36.36 74.29
36.76 74.28
37.15 74.27
37.46 74.26
37.88 74.26
38.40 74.25
38.82 74.24
39.38 74.24
39.80 74.24
40.56 74.23
41.18 74.23
41.63 74.23
42.15 74.23
43.02 74.24
43.52 74.24
44.15 74.24
44.89 74.25
45.40 74.26
45.86 74.27
46.17 74.28
46.80 74.28
47.21 74.29
47.70 74.29
48.32 74.29
48.51 74.29
48.65 74.30
48.46 74.30
48.14 74.31
47.96 74.31
47.73 74.31
47.55 74.31
47.63 74.30
47.63 74.30
47.65 74.29
47.96 74.27
47.96 74.26
47.83 74.24
47.82 74.21
47.87 74.18
47.79 74.15
47.72 74.10
47.99 74.06
48.32 74.00
48.71 73.94
49.13 73.86
49.82 73.78
50.38 73.68
50.99 73.57
51.63 73.45
52.62 73.32
53.30 73.18
53.97 73.02
54.93 72.85
55.55 72.68
56.18 72.50
56.82 72.31
57.75 72.12
58.29 71.94
58.75 71.75
59.24 71.56
59.43 71.38
59.54 71.20
59.52 71.03
59.40 70.87
59.22 70.71
58.99 70.56
58.75 70.42
58.46 70.30
58.40 70.19
58.50 70.09
58.96 70.00
59.49 69.93
60.21 69.87
61.15 69.82
62.78 69.80
63.95 69.78
65.15 69.78
66.99 69.80
68.24 69.83
69.51 69.88
70.78 69.93
72.90 70.01
74.42 70.09
76.09 70.19
77.92 70.29
80.85 70.41
82.89 70.54
84.96 70.67
87.96 70.80
89.91 70.94
91.88 71.08
94.16 71.20
98.38 71.32
101.68 71.43
105.15 71.53
110.21 71.62
112.99 71.71
115.67 71.78
116.30 71.85
115.54 71.91
114.12 71.96
110.74 71.99
107.97 72.00
103.12 72.01
99.52 72.01
95.76 71.99
89.67 71.97
85.39 71.95
81.05 71.92
76.70 71.90
70.21 71.87
65.92 71.85
61.72 71.83
57.62 71.81
51.69 71.81
47.91 71.80
42.57 71.81
39.31 71.82
36.36 71.85
33.76 71.88
31.55 71.91
29.10 71.96
28.05 72.01
27.49 72.08
27.54 72.15
28.01 72.22
28.75 72.30
29.73 72.39
31.35 72.48
32.38 72.56
33.42 72.65
34.45 72.74
35.82 72.83
36.62 72.92
37.27 73.00
37.84 73.09
37.94 73.17
37.90 73.25
37.79 73.32
37.40 73.39
36.92 73.46
36.32 73.53
35.62 73.60
34.46 73.66
33.65 73.72
32.87 73.79
31.84 73.84
31.31 73.90
30.91 73.96
30.68 74.02
30.64 74.08
30.78 74.14
31.10 74.21
31.86 74.28
32.50 74.34
33.22 74.42
33.96 74.49
35.04 74.56
35.71 74.64
36.30 74.71
36.79 74.79
37.28 74.86
37.41 74.94
37.39 75.01
37.10 75.08
36.76 75.16
36.35 75.23
35.87 75.30
34.98 75.37
34.34 75.44
33.67 75.51
32.44 75.58
31.34 75.64
30.07 75.71
28.72 75.77
26.59 75.84
25.19 75.90
23.84 75.96
22.51 76.02
20.58 76.07
19.36 76.12
18.24 76.17
16.94 76.22
16.44 76.27
16.29 76.32
16.74 76.37
18.02 76.42
19.18 76.47
20.53 76.52
22.86 76.57
24.57 76.63
26.43 76.68
28.39 76.73
31.44 76.78
33.53 76.83
35.65 76.89
37.74 76.94
40.78 76.99
42.77 77.04
44.55 77.09
46.76 77.14
48.20 77.19
49.65 77.23
50.97 77.28
52.57 77.33
53.38 77.37
54.15 77.41
55.21 77.45
55.66 77.49
55.88 77.52
55.81 77.55
55.69 77.57
55.54 77.59
55.40 77.60
55.29 77.62
55.11 77.62
54.95 77.62
54.68 77.61
54.13 77.60
53.86 77.59
53.70 77.57
53.67 77.55
53.88 77.53
54.04 77.50
54.24 77.47
54.63 77.44
54.86 77.40
55.04 77.35
55.14 77.31
55.12 77.26
55.05 77.20
54.97 77.15
54.93 77.09
54.96 77.03
54.97 76.96
54.91 76.90
54.68 76.83
54.44 76.75
54.13 76.67
53.76 76.59
52.96 76.51
52.22 76.43
51.28 76.34
49.48 76.25
48.05 76.17
46.50 76.08
44.88 75.99
42.27 75.90
40.45 75.81
38.59 75.72
36.79 75.63
34.13 75.53
31.70 75.45
30.95 75.36
28.89 75.27
27.54 75.18
26.04 75.10
24.47 75.01
22.70 74.92
22.17 74.83
22.17 74.75
22.47 74.67
22.75 74.59
23.00 74.52
23.25 74.46
23.56 74.40
23.66 74.34
23.65 74.29
23.52 74.24
23.21 74.19
22.97 74.15
22.76 74.10
22.53 74.06
22.42 74.02
22.38 73.98
22.45 73.94
22.74 73.90
23.07 73.86
23.50 73.82
24.36 73.78
25.00 73.74
25.71 73.70
26.49 73.66
27.63 73.61
28.33 73.57
28.97 73.52
29.62 73.47
30.55 73.41
31.22 73.35
31.94 73.29
33.03 73.22
33.78 73.15
34.53 73.07
35.28 72.99
36.34 72.90
37.04 72.81
37.76 72.71
38.73 72.60
39.27 72.48
39.77 72.36
40.26 72.24
41.04 72.11
41.57 71.97
42.08 71.83
42.50 71.68
43.02 71.53
43.35 71.38
43.76 71.22
44.28 71.06
44.42 70.90
44.43 70.73
44.33 70.57
43.96 70.41
43.53 70.25
42.99 70.08
42.02 69.92
41.25 69.77
40.42 69.62
39.51 69.47
37.93 69.32
36.80 69.19
35.60 69.05
34.34 68.93
32.33 68.81
30.93 68.70
29.54 68.59
27.48 68.50
26.24 68.41
25.03 68.34
23.86 68.26
22.15 68.20
21.02 68.15
19.94 68.10
18.67 68.07
17.99 68.04
17.57 68.01
17.47 68.00
17.83 68.00
18.33 68.00
19.00 68.01
19.76 68.03
21.06 68.06
22.02 68.10
23.58 68.14
24.74 68.20
26.04 68.26
27.37 68.32
29.30 68.40
30.39 68.47
31.26 68.55
31.90 68.64
32.33 68.73
32.35 68.83
32.23 68.93
32.04 69.03
31.93 69.13
31.84 69.24
31.64 69.35
31.26 69.46
30.48 69.58
30.03 69.69
29.70 69.81
29.72 69.92
30.04 70.04
30.40 70.15
30.74 70.27
31.12 70.39
31.29 70.50
31.46 70.61
31.85 70.73
32.09 70.84
32.24 70.95
32.37 71.05
32.66 71.16
32.92 71.27
33.25 71.37
33.68 71.47
34.30 71.57
34.70 71.67
35.08 71.77
35.57 71.87
35.88 71.97
36.15 72.07
36.35 72.16
36.49 72.26
36.49 72.36
36.41 72.46
36.19 72.56
36.01 72.66
35.82 72.76
35.61 72.87
35.40 72.97
35.29 73.08
35.24 73.18
35.24 73.29
35.41 73.40
35.58 73.51
35.79 73.63
36.22 73.74
36.61 73.86
37.05 73.98
37.53 74.10
38.39 74.22
39.00 74.34
39.67 74.47
40.81 74.60
41.68 74.74
42.67 74.87
43.69 75.01
45.24 75.15
46.23 75.30
47.14 75.45
47.94 75.60
48.84 75.75
49.07 75.91
49.04 76.07
48.60 76.23
48.21 76.40
47.78 76.56
47.32 76.72
46.56 76.89
45.95 77.06
45.32 77.23
44.30 77.40
43.53 77.57
42.74 77.74
41.94 77.91
40.93 78.09
40.38 78.25
39.91 78.42
39.54 78.59
39.40 78.75
39.50 78.92
39.68 79.08
40.01 79.24
40.37 79.41
40.94 79.57
41.82 79.73
42.42 79.89
42.91 80.05
43.34 80.21
43.94 80.36
44.30 80.52
44.60 80.67
44.77 80.82
44.99 80.97
45.07 81.11
45.07 81.25
44.95 81.39
44.67 81.52
44.40 81.65
44.05 81.77
43.37 81.89
42.77 82.00
42.08 82.10
41.32 82.2